0
71
72
73
75
76
79
83
84
85
90
94
95
101
123
125
126
134
137
138
143
145
152
154
164
165
174
178
186
190
193
202
203
220
223
227
235
252
261
264
279
285
286
288
355
365
369
370
371
372
374
375
378
390
400
401
412
420
422
423
425
429
445
452
453
454
457
458
459
465
467
472
476
487
489
490
493
494
496
497
498
501
503
508
511
514
515
528
547
577
609
613
621
633
634
636
638
639
640
642
644
648
650
653
657
663
666
708
710
711
714
723
732
734
739
740
741
743
744
746
747
785
790
796
797
820
821
846
849
850
851
852
862
869
898
903
929
965
972
1002
1016
1018
1019
1021
1024
1026
1042
1050
1052
1053
1056
1061
1081
1083
1090
1095
1105
1121
1133
1136
1145
1158
1293
1303
1315
1330
1338
1339
1346
1347
1352
1354
1356
1361
1363
1365
1367
