0
1
10
11
13
14
22
28
30
32
36
38
42
43
78
83
88
89
92
94
97
100
109
117
119
120
127
129
133
138
141
142
154
155
159
168
177
178
181
184
185
188
189
191
208
210
211
215
216
217
219
220
221
223
231
233
236
237
238
239
240
242
243
244
245
246
248
249
251
252
254
256
258
260
272
285
287
289
292
296
297
311
313
332
334
340
343
345
359
360
368
369
374
377
382
387
389
390
394
398
404
405
406
408
409
410
411
412
415
423
427
434
441
446
448
450
453
466
468
469
471
472
475
481
482
483
486
493
502
505
512
514
515
516
518
520
540
541
545
547
548
549
552
553
561
568
580
582
584
587
588
590
591
594
595
607
614
618
622
625
629
632
634
648
654
657
658
659
665
728
761
770
772
797
806
812
819
829
837
844
850
853
856
857
868
873
874
879
881
885
897
899
914
915
916
944
947
958
977
980
985
986
987
989
1004
1013
1030
1041
1052
1058
1067
1084
1090
1099
1100
1109
1110
1355
1356
1357
1358
1361
1365
1389
1420
1421
1422
1423
1425
1430
1432
1452
1473
1477
1481
1482
1488
1491
1523
1524
1525
1526
1536
1549
1559
1571
1572
1573
1574
1641
1643
1645
