0
1
3
4
5
6
7
71
72
78
79
80
81
114
130
186
250
251
252
276
277
297
320
325
343
581
582
583
586
614
648
650
651
668
669
670
688
698
704
710
716
750
753
759
765
767
771
777
783
784
787
788
789
798
803
862
871
873
874
875
876
887
897
916
925
933
934
940
952
968
969
970
997
1015
1027
1067
1071
1072
1074
1082
1086
1087
1088
1093
1107
1118
1133
1145
1146
1155
1157
1160
1174
1175
1178
1179
1197
1209
1232
1233
1275
1302
1306
1310
1315
1319
1323
1332
1333
1345
1351
1359
1384
1391
1398
1403
1404
1405
1408
1410
1413
1415
1426
1427
1433
1445
1446
1447
1468
1471
1475
1476
1482
1501
1504
1505
1509
1511
1514
1515
1516
1519
1522
1523
1526
1547
1589
1602
1680
1685
1688
1689
1690
1691
1692
1701
1703
1704
1707
1710
1713
1724
1752
1758
1761
1762
1768
1780
1781
1783
1784
1788
1804
1811
1814
1830
1831
1844
1846
1854
1858
1866
1868
1871
1880
1888
1889
1890
1895
1896
1900
1945
1946
1947
2012
2031
2039
2091
2094
2097
2098
2102
2111
2113
2124
2127
2131
2179
2181
2200
2207
2218
2219
2225
2232
2235
2238
2239
2240
2241
2242
2250
2263
