0
1
69
78
92
100
102
171
174
286
287
288
307
308
309
312
313
329
330
331
332
333
501
570
571
575
590
593
596
599
600
603
606
626
630
633
636
638
639
642
645
647
649
650
652
654
659
665
675
688
695
698
699
701
710
712
714
715
716
717
718
720
722
727
729
735
737
739
740
741
742
743
744
746
747
749
755
756
758
759
763
764
766
776
780
781
783
784
786
789
792
798
799
804
807
808
809
812
814
821
825
835
836
837
840
841
842
847
853
867
873
874
880
881
882
884
888
890
892
912
927
933
948
950
959
965
966
968
975
977
980
982
983
985
988
989
995
998
1001
1003
1005
1012
1016
1018
1021
1024
1026
1029
1037
1038
1039
1045
1048
1052
1056
1058
1059
1060
1061
1065
1088
1091
1092
1095
1101
1104
1110
1111
1112
1117
1119
1120
1123
1126
1127
1128
1131
1135
1139
1155
1164
1168
1171
1190
1194
1198
1202
1203
1204
1205
1211
1214
1215
1218
1225
1226
1227
1230
1231
1232
1234
1235
1247
1250
1253
1255
1256
1258
1265
1266
1268
1274
1297
1299
1309
1310
1312
1316
1321
1328
1334
1336
1339
1349
1350
1353
1354
1356
1359
1365
1372
1375
1377
1383
1384
1396
1404
1405
1410
1413
1418
1419
1420
1422
1424
1426
1436
1447
1451
1454
1457
1459
1462
1480
1481
1483
1484
1486
1489
1493
1496
1497
1514
1515
1527
1528
1530
1534
1553
1563
1575
1587
1588
1589
1590
1591
1592
1593
1595
1600
1602
1605
1611
1617
1622
1635
1639
1640
1646
1648
1649
1650
1651
1652
1655
1657
1660
1661
1662
1664
1670
1675
1677
1678
1679
1680
1681
1682
1683
1684
1685
1686
1708
1724
1727
1735
1737
1739
1740
1750
1824
1826
1852
1853
1857
1859
1861
1863
1865
1868
1871
1873
1881
1882
1887
1893
1895
1910
1916
1917
1926
1934
1943
1955
1963
1964
1965
1966
1967
1968
1969
1971
1973
1975
1977
1978
1979
1980
1983
1995
1999
2000
2003
2021
2022
2023
2029
2030
2036
2041
2046
2049
2050
2056
2057
2072
2073
2078
2079
2084
2085
2089
2090
2094
2103
2129
2131
2133
2134
2135
2136
2137
2146
2148
2149
2151
2165
2170
2172
2183
2192
2193
2198
2203
2206
2207
2208
2209
2210
2211
2226
2229
2230
2231
2232
2233
2238
2242
2245
2262
