0
1
14
16
18
28
29
43
47
49
61
71
75
85
86
88
118
126
138
140
141
142
148
151
152
178
185
186
190
191
201
206
209
212
213
227
228
229
230
231
233
234
235
236
237
242
245
246
247
250
260
261
262
263
264
265
266
267
268
269
270
271
274
275
276
278
279
282
285
286
288
289
292
293
294
295
296
299
300
302
303
304
306
312
315
317
319
320
321
323
325
328
329
331
333
339
348
349
350
354
358
360
361
362
374
378
380
384
385
387
389
390
391
392
393
394
395
396
397
398
399
400
403
405
406
413
414
415
416
418
419
420
422
423
424
425
429
430
431
432
433
435
442
447
450
451
452
454
455
462
464
465
466
467
474
476
481
483
487
490
492
493
496
497
498
499
500
501
502
504
506
507
510
514
519
521
522
523
524
526
529
534
535
536
537
542
546
548
549
550
551
552
558
560
562
566
568
574
575
576
577
581
583
584
589
591
592
595
600
601
605
606
607
610
612
614
617
618
619
621
623
625
626
628
629
631
632
633
653
657
659
662
663
671
672
678
679
680
681
686
687
697
700
702
705
718
722
725
728
729
734
735
739
743
744
747
748
749
750
764
769
772
775
785
790
791
792
794
802
804
805
806
807
812
822
823
828
830
832
834
841
850
853
854
855
858
885
1061
1063
1064
1071
1072
1074
1077
1079
1082
1083
1084
1085
1086
1087
1088
1090
1092
1094
1098
1099
1101
1102
1103
1104
1106
1107
1109
1120
1121
1124
1126
1128
1129
1130
1132
1135
1138
1149
1161
1166
1167
1168
1170
1176
1179
1181
1182
1190
1191
1192
1193
1198
1201
1202
1206
1220
1221
1222
1224
1226
1227
1228
1229
1230
1231
1232
1237
1239
1244
1245
1259
1261
1272
1273
1274
1275
1276
1280
1281
1282
1304
1311
1312
1325
1327
1328
1329
1330
1331
1332
1333
1335
1336
1342
1343
1346
1359
1406
1441
1443
1446
1447
1486
1487
1508
1509
1518
1519
1541
1542
1543
1544
1545
1546
1547
1548
1549
1550
1552
1553
1554
1555
1556
1557
1558
1559
1560
1561
1562
1563
1564
1565
1637
1638
1646
1654
1664
1665
1666
1687
1694
1698
1706
1708
1723
1724
1763
