0
12
16
22
23
24
25
35
36
37
58
66
74
75
95
97
98
99
101
116
120
138
143
152
161
163
168
171
186
191
194
201
219
232
241
244
247
255
261
262
265
267
298
301
306
309
312
316
317
318
320
324
328
338
342
347
351
358
363
364
365
366
367
368
369
372
373
383
388
389
390
393
406
407
412
413
414
419
423
428
430
433
436
440
445
447
450
452
453
454
455
456
457
458
463
465
466
467
468
469
470
471
472
475
476
477
478
479
481
485
486
487
488
489
492
493
496
500
503
508
512
515
517
519
522
524
525
526
527
529
531
534
535
536
537
538
540
544
545
546
549
550
555
556
558
560
562
570
577
579
580
581
582
587
588
590
592
593
599
600
601
603
608
609
612
615
616
618
619
620
621
623
625
629
632
633
634
635
636
637
642
654
656
657
659
660
674
676
677
678
679
680
681
686
715
727
732
733
734
736
740
741
742
744
746
749
751
799
811
815
816
837
846
896
918
920
921
928
930
934
939
941
945
946
948
949
956
957
960
961
962
966
967
968
969
971
981
985
987
989
993
998
1003
1005
1006
1007
1008
1009
1013
1014
1015
1016
1017
1018
1019
1020
1022
1023
1024
1027
1029
1030
1033
1035
1037
1039
1040
1045
1046
1047
1048
1049
1050
1054
1055
1056
1059
1060
1062
1063
1064
1065
1066
1067
1068
1069
1071
1072
1076
1077
1081
1083
1084
1085
1086
1089
1090
1092
1094
1100
1101
1102
1107
1110
1112
1113
1118
1119
1123
1124
1126
1127
1131
1139
1142
1148
1149
1151
1152
1153
1154
1162
1163
1164
1173
1190
1201
1202
1288
1313
1325
1328
1336
1337
1340
1341
1342
1343
1348
1349
1350
1352
1353
1355
1357
1358
1362
1363
1388
1389
1393
1394
1395
1396
1405
1406
1417
1422
1423
1424
1655
1656
1657
1664
1668
1671
1675
1676
1678
1680
1681
1683
1686
1687
1689
1691
1693
1694
1695
1697
1701
1704
1707
1708
1710
1714
1716
1717
1719
1720
1721
1722
1723
