0
31
32
48
51
54
60
68
70
72
86
88
90
91
93
101
102
115
128
141
143
144
149
156
178
179
183
186
199
204
212
225
227
228
229
231
232
233
234
235
236
243
244
247
257
258
259
263
264
268
275
281
298
300
301
316
326
337
338
351
354
358
381
382
383
387
406
409
413
414
417
419
420
421
422
447
458
460
462
471
486
494
495
496
497
498
499
500
501
503
505
543
554
556
558
562
564
576
608
623
630
637
638
642
666
676
677
679
681
698
715
716
720
725
726
729
730
738
748
770
771
772
773
778
779
780
783
788
794
798
802
804
805
808
809
810
813
815
820
826
828
829
831
835
841
848
870
871
872
878
884
885
895
898
899
905
909
918
921
926
934
950
952
954
966
999
1014
1018
1020
1040
1059
1065
1068
1069
1084
1090
1098
1130
1146
1150
1170
1182
1202
1592
1658
1660
1665
1667
1690
1692
1693
1713
1876
1909
1946
1956
2008
2015
2064
2066
2067
2074
2078
2089
2101
2102
2119
2120
2122
2123
2124
2125
2145
2175
2176
2177
2184
2187
2188
2191
2192
2195
2198
2199
2205
2207
2218
2221
2227
2240
2247
2250
2258
2278
2281
2296
2310
2321
2331
2371
2382
2393
2395
2397
2398
2399
2400
2401
2402
2405
2406
2408
2409
2410
2412
2413
2416
2418
2419
2427
2436
2437
2438
2446
2447
2448
2449
2453
2454
2460
2461
2470
2472
2473
2484
