0 0.061964
1 0.066025
2 0.065262
3 0.065320
4 0.064906
5 0.064700
6 0.064835
7 0.064303
8 0.064398
9 0.065257
10 0.065338
11 0.055845
12 0.063395
13 0.051238
14 0.044343
15 0.046952
16 0.058603
17 0.059788
18 0.061349
19 0.056579
20 0.055224
21 0.056879
22 0.060307
23 0.059522
24 0.061495
25 0.061311
26 0.062486
27 0.062941
28 0.059975
29 0.060923
30 0.059593
31 0.052535
32 0.058253
33 0.055937
34 0.059646
35 0.058296
36 0.064636
37 0.058888
38 0.055548
39 0.060394
40 0.057529
41 0.059564
42 0.059584
43 0.057356
44 0.057020
45 0.054248
46 0.056275
47 0.056211
48 0.056106
49 0.056226
50 0.055915
51 0.056048
52 0.056218
53 0.055907
54 0.055893
55 0.055793
56 0.055296
57 0.055600
58 0.055735
59 0.055788
60 0.055555
61 0.055023
62 0.055295
63 0.055322
64 0.054880
65 0.055095
66 0.055106
67 0.054818
68 0.054706
69 0.054621
70 0.054650
71 0.054693
72 0.054342
73 0.054214
74 0.054537
75 0.054287
76 0.054341
77 0.053215
78 0.053838
79 0.054926
80 0.052139
81 0.057904
82 0.054571
83 0.055421
84 0.054237
85 0.050277
86 0.050086
87 0.057170
88 0.052605
89 0.051441
90 0.056449
91 0.049619
92 0.057950
93 0.053873
94 0.058122
95 0.059992
96 0.050530
97 0.058601
98 0.061738
99 0.065126
100 0.043567
101 0.053125
102 0.055703
103 0.053335
104 0.055189
105 0.055079
106 0.056233
107 0.053508
108 0.046145
109 0.055053
110 0.054882
111 0.062142
112 0.051817
113 0.055076
114 0.059518
115 0.058637
116 0.055046
117 0.058724
118 0.062557
119 0.048883
120 0.048681
121 0.046623
122 0.051398
123 0.049973
124 0.051547
125 0.050029
126 0.050662
127 0.050257
128 0.050655
129 0.055408
130 0.052625
131 0.048968
132 0.050402
133 0.047623
134 0.053874
135 0.056348
136 0.056335
137 0.053605
138 0.050550
139 0.054635
140 0.049614
141 0.056705
142 0.058573
143 0.055550
144 0.060413
145 0.054685
146 0.055950
147 0.055304
148 0.052142
149 0.056480
150 0.063088
151 0.057923
152 0.052119
153 0.055294
154 0.056812
155 0.051030
156 0.053320
157 0.049904
158 0.052183
159 0.056647
160 0.053145
161 0.053983
162 0.056006
163 0.065605
164 0.054897
165 0.061157
166 0.054918
167 0.053259
168 0.048929
169 0.048014
170 0.059206
171 0.051822
172 0.049983
173 0.053739
174 0.059364
175 0.056287
176 0.058006
177 0.053846
178 0.055883
179 0.053036
180 0.060444
181 0.061747
182 0.063907
183 0.059826
184 0.059268
185 0.061333
186 0.060650
187 0.054078
188 0.056984
189 0.054976
190 0.047857
191 0.062509
192 0.060742
193 0.061601
194 0.063126
195 0.061446
196 0.056580
197 0.051464
198 0.043358
199 0.049909
200 0.056983
201 0.056887
202 0.058014
203 0.056210
204 0.053414
205 0.052753
206 0.050515
207 0.049963
208 0.047596
209 0.055498
210 0.048317
211 0.050044
212 0.046556
213 0.052274
214 0.052958
215 0.049311
216 0.050129
217 0.054827
218 0.052689
219 0.054399
220 0.042753
221 0.036760
222 0.035829
223 0.041705
224 0.050064
225 0.052128
226 0.043631
227 0.039621
228 0.040707
229 0.036744
230 0.039823
231 0.042749
232 0.048313
233 0.054764
234 0.047094
235 0.046613
236 0.043913
237 0.049082
238 0.061033
239 0.060349
240 0.058296
241 0.051376
242 0.060293
243 0.056151
244 0.047010
245 0.050648
246 0.059402
247 0.046575
248 0.048432
249 0.050694
250 0.052922
251 0.052457
252 0.051923
253 0.056622
254 0.057211
255 0.066632
256 0.058782
257 0.059203
258 0.053884
259 0.053836
260 0.048193
261 0.053766
262 0.055314
263 0.058303
264 0.056001
265 0.049573
266 0.050675
267 0.051277
268 0.047374
269 0.055159
270 0.041491
271 0.041050
272 0.040086
273 0.038736
274 0.039422
275 0.043506
276 0.036195
277 0.039721
278 0.039896
279 0.040332
280 0.046839
281 0.047127
282 0.046828
283 0.045542
284 0.043548
285 0.047962
286 0.051692
287 0.057505
288 0.051170
289 0.058226
290 0.050478
291 0.047232
292 0.053936
293 0.051683
294 0.054295
295 0.058219
296 0.052016
297 0.049371
298 0.044532
299 0.038406
300 0.045328
301 0.050743
302 0.051226
303 0.058054
304 0.056521
305 0.053130
306 0.053578
307 0.055428
308 0.053265
309 0.055338
310 0.054818
311 0.054350
312 0.060871
313 0.048947
314 0.035539
315 0.041814
316 0.048388
317 0.048000
318 0.047960
319 0.047055
320 0.044606
321 0.038591
322 0.036519
323 0.040959
324 0.041208
325 0.045823
326 0.046068
327 0.048288
328 0.045589
329 0.042569
330 0.046225
331 0.051700
332 0.050273
333 0.046288
334 0.052679
335 0.044553
336 0.050072
337 0.059567
338 0.049312
339 0.047055
340 0.057733
341 0.046777
342 0.053087
343 0.056979
344 0.048366
345 0.056408
346 0.048118
347 0.043188
348 0.036373
349 0.036369
350 0.036828
351 0.040247
352 0.045326
353 0.042652
354 0.033676
355 0.036500
356 0.036794
357 0.046419
358 0.036228
359 0.045676
360 0.045627
361 0.034024
362 0.035101
363 0.033626
364 0.036449
365 0.039573
366 0.043124
367 0.042921
368 0.038326
369 0.048731
370 0.038972
371 0.035182
372 0.042069
373 0.035302
374 0.043977
375 0.037548
376 0.044911
377 0.061203
378 0.063993
379 0.042518
380 0.051443
381 0.042174
382 0.049303
383 0.044706
384 0.043402
385 0.047631
386 0.052782
387 0.049347
388 0.046042
389 0.050420
390 0.054948
391 0.045243
392 0.036684
393 0.043838
394 0.053440
395 0.048697
396 0.055738
397 0.055053
398 0.053739
399 0.054761
400 0.057514
401 0.063383
402 0.066054
403 0.060167
404 0.058347
405 0.055086
406 0.058894
407 0.061478
408 0.051878
409 0.056842
410 0.058110
411 0.079301
412 0.057909
413 0.051360
414 0.052386
415 0.061787
416 0.059872
417 0.064549
418 0.071922
419 0.043129
420 0.061042
421 0.050395
422 0.046747
423 0.057392
424 0.056621
425 0.033486
426 0.041882
427 0.057202
428 0.051426
429 0.051882
430 0.057190
431 0.057268
432 0.054441
433 0.061886
434 0.057593
435 0.057020
436 0.052322
437 0.055415
438 0.056703
439 0.055845
440 0.061337
441 0.052240
442 0.051508
443 0.054888
444 0.053142
445 0.049163
446 0.049530
447 0.046786
448 0.040961
449 0.041295
450 0.044131
451 0.049484
452 0.045288
453 0.051890
454 0.035111
455 0.040432
456 0.042281
457 0.061803
458 0.043726
459 0.042253
460 0.047888
461 0.045844
462 0.039557
463 0.033225
464 0.038710
465 0.064678
466 0.056950
467 0.048526
468 0.048947
469 0.051634
470 0.057857
471 0.053752
472 0.049766
473 0.049343
474 0.051257
475 0.052377
476 0.051889
477 0.047385
478 0.037735
479 0.042319
480 0.052473
481 0.066673
482 0.075182
483 0.055385
484 0.049284
485 0.054031
486 0.042283
487 0.050648
488 0.042748
489 0.055034
490 0.044078
491 0.051598
492 0.045852
493 0.052178
494 0.042339
495 0.040102
496 0.052708
497 0.043287
498 0.054880
499 0.049645
500 0.039537
501 0.048702
502 0.051455
503 0.051871
504 0.043407
505 0.071628
506 0.061929
507 0.064659
508 0.057666
509 0.048268
510 0.049603
511 0.047571
512 0.058421
513 0.046714
514 0.052214
515 0.051847
516 0.056148
517 0.042765
518 0.052222
519 0.055570
520 0.058815
521 0.056761
522 0.050516
523 0.059686
524 0.055120
525 0.055038
526 0.055955
527 0.052082
528 0.048215
529 0.052022
530 0.052739
531 0.053262
532 0.053260
533 0.055408
534 0.056693
535 0.049565
536 0.050574
537 0.043999
538 0.051698
539 0.050734
540 0.054375
541 0.056078
542 0.058993
543 0.064552
544 0.065210
545 0.067645
546 0.065575
547 0.051479
548 0.055006
549 0.056096
550 0.056602
551 0.062091
552 0.040646
553 0.047052
554 0.055109
555 0.051409
556 0.044498
557 0.043586
558 0.043358
559 0.051192
560 0.050789
561 0.047750
562 0.039024
563 0.064203
564 0.056478
565 0.052361
566 0.056059
567 0.051387
568 0.050322
569 0.056352
570 0.057584
571 0.053016
572 0.059240
573 0.061134
574 0.058185
575 0.056991
576 0.059193
577 0.057075
578 0.048385
579 0.049303
580 0.064051
581 0.062363
582 0.058877
583 0.062415
584 0.061826
585 0.059823
586 0.057064
587 0.058039
588 0.069169
589 0.064601
590 0.055619
591 0.050680
592 0.061084
593 0.047394
594 0.063236
595 0.060964
596 0.041991
597 0.044057
598 0.048691
599 0.056232
600 0.061603
601 0.056321
602 0.054203
603 0.057547
604 0.046785
605 0.052900
606 0.047980
607 0.049289
608 0.060750
609 0.066233
610 0.044332
611 0.046156
612 0.046219
613 0.049032
614 0.047469
615 0.045244
616 0.046481
617 0.048726
618 0.053092
619 0.049021
620 0.044084
621 0.052445
622 0.053188
623 0.052451
624 0.054107
625 0.054527
626 0.045266
627 0.039222
628 0.038150
629 0.046925
630 0.056836
631 0.056726
632 0.053336
633 0.051010
634 0.051939
635 0.054779
636 0.052226
637 0.049836
638 0.045773
639 0.050526
640 0.051030
641 0.055071
642 0.058131
643 0.060198
644 0.058027
645 0.057687
646 0.062168
647 0.056084
648 0.051523
649 0.046113
650 0.048771
651 0.061364
652 0.068275
653 0.069784
654 0.056216
655 0.051672
656 0.035821
657 0.034666
658 0.046310
659 0.052990
660 0.053196
661 0.060135
662 0.070839
663 0.053284
664 0.055754
665 0.056888
666 0.050779
667 0.050703
668 0.050803
669 0.050767
670 0.050755
671 0.050671
672 0.050658
673 0.050469
674 0.050387
675 0.050381
676 0.050323
677 0.050358
678 0.050117
679 0.050006
680 0.049974
681 0.050049
682 0.049915
683 0.049794
684 0.049849
685 0.049729
686 0.049808
687 0.049756
688 0.049794
689 0.049830
690 0.049362
691 0.049590
692 0.049474
693 0.049269
694 0.049362
695 0.049271
696 0.049090
697 0.049410
698 0.049024
699 0.049065
700 0.049258
701 0.048950
702 0.048719
703 0.048743
704 0.048757
705 0.048805
706 0.048684
707 0.048543
708 0.048787
709 0.048399
710 0.048327
711 0.048417
712 0.048354
713 0.048001
714 0.048286
715 0.048314
716 0.048223
717 0.047924
718 0.048268
719 0.048032
720 0.048057
721 0.048066
722 0.047976
723 0.047909
724 0.047937
725 0.047544
726 0.047826
727 0.047455
728 0.047460
729 0.047666
730 0.047465
731 0.047361
732 0.047451
733 0.047232
734 0.047322
735 0.047227
736 0.047103
737 0.047083
738 0.047041
739 0.047042
740 0.046986
741 0.046996
742 0.046845
743 0.047183
744 0.046781
745 0.046898
746 0.046811
747 0.046666
748 0.046461
749 0.046617
750 0.046593
751 0.046583
752 0.046287
753 0.046303
754 0.046345
755 0.046151
756 0.046306
757 0.046169
758 0.046045
759 0.046174
760 0.046098
761 0.056582
762 0.051439
763 0.050064
764 0.054080
765 0.059284
766 0.059347
767 0.064348
768 0.061234
769 0.057272
770 0.046657
771 0.039339
772 0.045268
773 0.056549
774 0.060822
775 0.070905
776 0.068505
777 0.067986
778 0.065064
779 0.056233
780 0.049569
781 0.057741
782 0.056739
783 0.060150
784 0.060876
785 0.059043
786 0.058924
787 0.058918
788 0.056209
789 0.056164
790 0.050776
791 0.049401
792 0.059213
793 0.042863
794 0.053331
795 0.049767
796 0.046298
797 0.052110
798 0.057449
799 0.058272
800 0.052435
801 0.036549
802 0.044118
803 0.038472
804 0.050727
805 0.057786
806 0.055354
807 0.058034
808 0.049436
809 0.052146
810 0.034783
811 0.052348
812 0.042894
813 0.039941
814 0.050238
815 0.044519
816 0.042195
817 0.037697
818 0.036737
819 0.042568
820 0.058363
821 0.051851
822 0.052467
823 0.042346
824 0.045576
825 0.052322
826 0.057937
827 0.055332
828 0.056475
829 0.043521
830 0.045096
831 0.046537
832 0.053337
833 0.049983
834 0.044745
835 0.037478
836 0.050866
837 0.053612
838 0.052664
839 0.050339
840 0.034977
841 0.034942
842 0.049722
843 0.057258
844 0.036134
845 0.040318
846 0.046036
847 0.054670
848 0.049444
849 0.056492
850 0.053832
851 0.033940
852 0.042249
853 0.048247
854 0.053581
855 0.057503
856 0.058930
857 0.060480
858 0.058146
859 0.057381
860 0.056492
861 0.056461
862 0.054720
863 0.055010
864 0.054335
865 0.054903
866 0.056017
867 0.055012
868 0.055855
869 0.059004
870 0.056035
871 0.058572
872 0.063101
873 0.056997
874 0.051058
875 0.046273
876 0.039583
877 0.036353
878 0.037186
879 0.056154
880 0.048346
881 0.046380
882 0.044545
883 0.040250
884 0.044809
885 0.036798
886 0.039905
887 0.039333
888 0.038807
889 0.039256
890 0.040245
891 0.041804
892 0.034123
893 0.046336
894 0.046937
895 0.046474
896 0.048332
897 0.049722
898 0.043037
899 0.054357
900 0.058095
901 0.056390
902 0.046809
903 0.046618
904 0.049346
905 0.048069
906 0.050829
907 0.043138
908 0.036456
909 0.035513
910 0.037229
911 0.040682
912 0.044917
913 0.062248
914 0.053707
915 0.053771
916 0.053572
917 0.059162
918 0.057933
919 0.056134
920 0.059016
921 0.054837
922 0.056760
923 0.058740
924 0.058534
925 0.055816
926 0.056461
927 0.045500
928 0.055134
929 0.051419
930 0.041704
931 0.036821
932 0.034398
933 0.036089
934 0.043426
935 0.043723
936 0.044511
937 0.050704
938 0.043728
939 0.043852
940 0.046313
941 0.036935
942 0.033726
943 0.033152
944 0.052920
945 0.059789
946 0.053172
947 0.052701
948 0.051619
949 0.034555
950 0.038979
951 0.034290
952 0.034023
953 0.053247
954 0.051724
955 0.049880
956 0.049758
957 0.045614
958 0.051876
959 0.053089
960 0.052068
961 0.050608
962 0.052125
963 0.051922
964 0.047439
965 0.053629
966 0.052778
967 0.054446
968 0.055349
969 0.055922
970 0.056474
971 0.054781
972 0.052483
973 0.053545
974 0.052189
975 0.048895
976 0.040982
977 0.044625
978 0.054680
979 0.058824
980 0.056358
981 0.060254
982 0.055115
983 0.058416
984 0.053141
985 0.042267
986 0.045462
987 0.051575
988 0.047668
989 0.053721
990 0.051655
991 0.058367
992 0.066089
993 0.057847
994 0.053327
995 0.062980
996 0.056066
997 0.060413
998 0.049178
999 0.036424
1000 0.058822
1001 0.054331
1002 0.055542
1003 0.052080
1004 0.052861
1005 0.055424
1006 0.057578
1007 0.051774
1008 0.052406
1009 0.056758
1010 0.058082
1011 0.059731
1012 0.055194
1013 0.054253
1014 0.061171
1015 0.060586
1016 0.055366
1017 0.056572
1018 0.063603
1019 0.062866
1020 0.053827
1021 0.052352
1022 0.048582
1023 0.052503
1024 0.052034
1025 0.055479
1026 0.054071
1027 0.052385
1028 0.049192
1029 0.058383
1030 0.058906
1031 0.059306
1032 0.054456
1033 0.056603
1034 0.054564
1035 0.052058
1036 0.051599
1037 0.053503
1038 0.054988
1039 0.058219
1040 0.057204
1041 0.059222
1042 0.055738
1043 0.055006
1044 0.049954
1045 0.048719
1046 0.049725
1047 0.048505
1048 0.050873
1049 0.052038
1050 0.053276
1051 0.055306
1052 0.052448
1053 0.052887
1054 0.053393
1055 0.057092
1056 0.051576
1057 0.052260
1058 0.056629
1059 0.056430
1060 0.051956
1061 0.053598
1062 0.055829
1063 0.053722
1064 0.053166
1065 0.057266
1066 0.055031
1067 0.050198
1068 0.049698
1069 0.055050
1070 0.052038
1071 0.053196
1072 0.050211
1073 0.049188
1074 0.051768
1075 0.049203
1076 0.053709
1077 0.053338
1078 0.051640
1079 0.052696
1080 0.051459
1081 0.054381
1082 0.055487
1083 0.057077
1084 0.051569
1085 0.055878
1086 0.049217
1087 0.053702
1088 0.050314
1089 0.047515
1090 0.053706
1091 0.048387
1092 0.050119
1093 0.055394
1094 0.052315
1095 0.053056
1096 0.053814
1097 0.049948
1098 0.050549
1099 0.053847
1100 0.058470
1101 0.051461
1102 0.058363
1103 0.053478
1104 0.052583
1105 0.058150
1106 0.054904
1107 0.055803
1108 0.053037
1109 0.051492
1110 0.052337
1111 0.048949
1112 0.050582
1113 0.050579
1114 0.049451
1115 0.053006
1116 0.052204
1117 0.054423
1118 0.051768
1119 0.053036
1120 0.056405
1121 0.057722
1122 0.055003
1123 0.051224
1124 0.050792
1125 0.047188
1126 0.050557
1127 0.050539
1128 0.050432
1129 0.050625
1130 0.050304
1131 0.050345
1132 0.050295
1133 0.050171
1134 0.050011
1135 0.050068
1136 0.049790
1137 0.049930
1138 0.049654
1139 0.049549
1140 0.049846
1141 0.049401
1142 0.049763
1143 0.049610
1144 0.049430
1145 0.049404
1146 0.048643
1147 0.049515
1148 0.049254
1149 0.049361
1150 0.049383
1151 0.049477
1152 0.049182
1153 0.048924
1154 0.049027
1155 0.048725
1156 0.048706
1157 0.048458
1158 0.048207
1159 0.048725
1160 0.048268
1161 0.048688
1162 0.048455
1163 0.048575
1164 0.048310
1165 0.048614
1166 0.047977
1167 0.047787
1168 0.048032
1169 0.047967
1170 0.047578
1171 0.047474
1172 0.047869
1173 0.047452
1174 0.046866
1175 0.047856
1176 0.046835
1177 0.046938
1178 0.047176
1179 0.046830
1180 0.046882
1181 0.046981
1182 0.046438
1183 0.046821
1184 0.047664
1185 0.046900
1186 0.046555
1187 0.045939
1188 0.047137
1189 0.046418
1190 0.046085
1191 0.046465
1192 0.047001
1193 0.046593
1194 0.046421
1195 0.046765
1196 0.046789
1197 0.045589
1198 0.047128
1199 0.046527
1200 0.046181
1201 0.046704
1202 0.045440
1203 0.046385
1204 0.046613
1205 0.046677
1206 0.046653
1207 0.045784
1208 0.045521
1209 0.046218
1210 0.045548
1211 0.045609
1212 0.046174
1213 0.045628
1214 0.046010
1215 0.046175
1216 0.045976
1217 0.046354
1218 0.046066
1219 0.045348
1220 0.045898
1221 0.046060
1222 0.045549
1223 0.045060
1224 0.045459
1225 0.045093
1226 0.045779
1227 0.044407
1228 0.045124
1229 0.045457
1230 0.045316
1231 0.044632
1232 0.045360
1233 0.045576
1234 0.045424
1235 0.045414
1236 0.045544
1237 0.044792
1238 0.045445
1239 0.044851
1240 0.045430
1241 0.044888
1242 0.045251
1243 0.045209
1244 0.045142
1245 0.045239
1246 0.044315
1247 0.044086
1248 0.045087
1249 0.044892
1250 0.045019
1251 0.044519
1252 0.044292
1253 0.044433
1254 0.044920
1255 0.044734
1256 0.044534
1257 0.044675
1258 0.044327
1259 0.044470
1260 0.044575
1261 0.044291
1262 0.044505
1263 0.044341
1264 0.044292
1265 0.044327
1266 0.044181
1267 0.043853
1268 0.044319
1269 0.043929
1270 0.044154
1271 0.044012
1272 0.043584
1273 0.044087
1274 0.043940
1275 0.042990
1276 0.044025
1277 0.043839
1278 0.043962
1279 0.043728
1280 0.043490
1281 0.043652
1282 0.043330
1283 0.043854
1284 0.042845
1285 0.043610
1286 0.043678
1287 0.043297
1288 0.043632
1289 0.043070
1290 0.043275
1291 0.043183
1292 0.042497
1293 0.043225
1294 0.043155
1295 0.043310
1296 0.042865
1297 0.043258
1298 0.042954
1299 0.043021
1300 0.042964
1301 0.042663
1302 0.043024
1303 0.042827
1304 0.042786
1305 0.042589
1306 0.042915
1307 0.042854
1308 0.042622
1309 0.042645
1310 0.042611
1311 0.042440
1312 0.042621
1313 0.042517
1314 0.042617
1315 0.042315
1316 0.042274
1317 0.042286
1318 0.042324
1319 0.042333
1320 0.042109
1321 0.042152
1322 0.042282
1323 0.042332
1324 0.042015
1325 0.042089
1326 0.042275
1327 0.041879
1328 0.042045
1329 0.041943
1330 0.041994
1331 0.041942
1332 0.041770
1333 0.041606
1334 0.041653
1335 0.041716
1336 0.041693
1337 0.041603
1338 0.041618
1339 0.041796
1340 0.041594
1341 0.041405
1342 0.041529
1343 0.041568
1344 0.041551
1345 0.041260
1346 0.041499
1347 0.041332
1348 0.041190
1349 0.041442
1350 0.041348
1351 0.041233
1352 0.041204
1353 0.041275
1354 0.040942
1355 0.048875
1356 0.064582
1357 0.059260
1358 0.059675
1359 0.059926
1360 0.059761
1361 0.059355
1362 0.059409
1363 0.059146
1364 0.058924
1365 0.059038
1366 0.058383
1367 0.058749
1368 0.058885
1369 0.058444
1370 0.058405
1371 0.058184
1372 0.058432
1373 0.058237
1374 0.057931
1375 0.057647
1376 0.057927
1377 0.057655
1378 0.058053
1379 0.057527
1380 0.057018
1381 0.057087
1382 0.056849
1383 0.056942
1384 0.056658
1385 0.057159
1386 0.056941
1387 0.056763
1388 0.057078
1389 0.056345
1390 0.056831
1391 0.056311
1392 0.056435
1393 0.056355
1394 0.056627
1395 0.056506
1396 0.056171
1397 0.056161
1398 0.055710
1399 0.055872
1400 0.055837
1401 0.055636
1402 0.056132
1403 0.055781
1404 0.055407
1405 0.055490
1406 0.055306
1407 0.055454
1408 0.055606
1409 0.055618
1410 0.055175
1411 0.055291
1412 0.055296
1413 0.055781
1414 0.055052
1415 0.055143
1416 0.055390
1417 0.054983
1418 0.054730
1419 0.054567
1420 0.060275
1421 0.066576
1422 0.080858
1423 0.071416
1424 0.069801
1425 0.077594
1426 0.055901
1427 0.056032
1428 0.056670
1429 0.056049
1430 0.057028
1431 0.053551
1432 0.075611
1433 0.057654
1434 0.064587
1435 0.054670
1436 0.053864
1437 0.053057
1438 0.053265
1439 0.053292
1440 0.053549
1441 0.053646
1442 0.053141
1443 0.053344
1444 0.053221
1445 0.053455
1446 0.053069
1447 0.052655
1448 0.053301
1449 0.053315
1450 0.052834
1451 0.052654
1452 0.052493
1453 0.054705
1454 0.052385
1455 0.052484
1456 0.052455
1457 0.053023
1458 0.052756
1459 0.052593
1460 0.052250
1461 0.052379
1462 0.052041
1463 0.051931
1464 0.052344
1465 0.052325
1466 0.052167
1467 0.051964
1468 0.051950
1469 0.051962
1470 0.052183
1471 0.052227
1472 0.051956
1473 0.051916
1474 0.052044
1475 0.052423
1476 0.051736
1477 0.058173
1478 0.068681
1479 0.063020
1480 0.059285
1481 0.070776
1482 0.079162
1483 0.052268
1484 0.051863
1485 0.051598
1486 0.050937
1487 0.051399
1488 0.050793
1489 0.053277
1490 0.052872
1491 0.051641
1492 0.052783
1493 0.052190
1494 0.050416
1495 0.052535
1496 0.052745
1497 0.052349
1498 0.052381
1499 0.052129
1500 0.052272
1501 0.052303
1502 0.050266
1503 0.052511
1504 0.052362
1505 0.052037
1506 0.050072
1507 0.051982
1508 0.052154
1509 0.051717
1510 0.050767
1511 0.051754
1512 0.049810
1513 0.049861
1514 0.050070
1515 0.049976
1516 0.049607
1517 0.049576
1518 0.049675
1519 0.049542
1520 0.049220
1521 0.049752
1522 0.049638
1523 0.074252
1524 0.094049
1525 0.067424
1526 0.064000
1527 0.063333
1528 0.055430
1529 0.053279
1530 0.052660
1531 0.051687
1532 0.051768
1533 0.052421
1534 0.052738
1535 0.051108
1536 0.050317
1537 0.047861
1538 0.048611
1539 0.047973
1540 0.047780
1541 0.048338
1542 0.047908
1543 0.048057
1544 0.048322
1545 0.048174
1546 0.048086
1547 0.047890
1548 0.047684
1549 0.047626
1550 0.047641
1551 0.047754
1552 0.047629
1553 0.047576
1554 0.047293
1555 0.047115
1556 0.047478
1557 0.047033
1558 0.047299
1559 0.047245
1560 0.047272
1561 0.047289
1562 0.047118
1563 0.047341
1564 0.047184
1565 0.047257
1566 0.047052
1567 0.047335
1568 0.047169
1569 0.046917
1570 0.047115
1571 0.047333
1572 0.046960
1573 0.047145
1574 0.046844
1575 0.046989
1576 0.046638
1577 0.046722
1578 0.046839
1579 0.046916
1580 0.046932
1581 0.047087
1582 0.046835
1583 0.046959
1584 0.046731
1585 0.046439
1586 0.046758
1587 0.045796
1588 0.046507
1589 0.046224
1590 0.046638
1591 0.046186
1592 0.046294
1593 0.046267
1594 0.045973
1595 0.045323
1596 0.046466
1597 0.046160
1598 0.045957
1599 0.046438
1600 0.046123
1601 0.046005
1602 0.045947
1603 0.046281
1604 0.045712
1605 0.045751
1606 0.045753
1607 0.045660
1608 0.045568
1609 0.045579
1610 0.045738
1611 0.045496
1612 0.045710
1613 0.045536
1614 0.045579
1615 0.044783
1616 0.045568
1617 0.045521
1618 0.045696
1619 0.045358
1620 0.045969
1621 0.045375
1622 0.045240
1623 0.045355
1624 0.045223
1625 0.045404
1626 0.045172
1627 0.044909
1628 0.045356
1629 0.045104
1630 0.045008
1631 0.045068
1632 0.044890
1633 0.044991
1634 0.044823
1635 0.044854
1636 0.044681
1637 0.044710
1638 0.044779
1639 0.044953
1640 0.044964
1641 0.058121
1642 0.082644
1643 0.084317
1644 0.059143
1645 0.065896
1646 0.072725
1647 0.061218
1648 0.056046
1649 0.053952
1650 0.056587
1651 0.062112
1652 0.066391
1653 0.070727
1654 0.070880
1655 0.064147
1656 0.049835
1657 0.045385
1658 0.044702
1659 0.044699
1660 0.044485
1661 0.044845
1662 0.044669
1663 0.044782
1664 0.044660
1665 0.044202
1666 0.044668
1667 0.044275
1668 0.044470
1669 0.043937
1670 0.044474
1671 0.044508
