0 0.060847
1 0.060495
2 0.062037
3 0.061771
4 0.061305
5 0.061295
6 0.061598
7 0.061067
8 0.062837
9 0.062124
10 0.061408
11 0.060801
12 0.061636
13 0.061565
14 0.061272
15 0.062753
16 0.061321
17 0.061305
18 0.060266
19 0.060906
20 0.060914
21 0.060809
22 0.061061
23 0.060817
24 0.060315
25 0.064409
26 0.065533
27 0.065447
28 0.064559
29 0.064919
30 0.065059
31 0.065153
32 0.065307
33 0.064795
34 0.065075
35 0.064905
36 0.064931
37 0.064674
38 0.064581
39 0.064056
40 0.063987
41 0.063970
42 0.064184
43 0.063966
44 0.063843
45 0.063604
46 0.063844
47 0.063488
48 0.063357
49 0.063527
50 0.059593
51 0.063132
52 0.063224
53 0.063185
54 0.062850
55 0.062841
56 0.062811
57 0.062603
58 0.062666
59 0.062566
60 0.062091
61 0.062131
62 0.062280
63 0.062010
64 0.062286
65 0.061682
66 0.061726
67 0.061559
68 0.061082
69 0.061408
70 0.061243
71 0.062981
72 0.061170
73 0.060300
74 0.058929
75 0.063641
76 0.064107
77 0.062682
78 0.062221
79 0.066973
80 0.067717
81 0.067534
82 0.072489
83 0.065714
84 0.066058
85 0.066831
86 0.064926
87 0.064558
88 0.063175
89 0.062245
90 0.065702
91 0.065628
92 0.064504
93 0.067403
94 0.066186
95 0.063827
96 0.063887
97 0.063738
98 0.064329
99 0.067324
100 0.063726
101 0.063530
102 0.061891
103 0.060979
104 0.062407
105 0.061856
106 0.061688
107 0.061854
108 0.061704
109 0.061559
110 0.061445
111 0.061152
112 0.061240
113 0.061239
114 0.060877
115 0.060746
116 0.060858
117 0.060578
118 0.060587
119 0.060337
120 0.060187
121 0.060530
122 0.057829
123 0.064561
124 0.063830
125 0.064429
126 0.064013
127 0.068076
128 0.057731
129 0.056291
130 0.066828
131 0.057979
132 0.060065
133 0.051875
134 0.057501
135 0.048535
136 0.058744
137 0.063289
138 0.062476
139 0.063074
140 0.064204
141 0.057771
142 0.055766
143 0.058229
144 0.055749
145 0.055962
146 0.054427
147 0.055017
148 0.057507
149 0.058157
150 0.058325
151 0.057884
152 0.058581
153 0.064732
154 0.065839
155 0.065201
156 0.065037
157 0.065308
158 0.072971
159 0.063400
160 0.052394
161 0.065600
162 0.062780
163 0.064840
164 0.056975
165 0.056022
166 0.052504
167 0.056323
168 0.059153
169 0.060806
170 0.059465
171 0.060096
172 0.057948
173 0.059694
174 0.062384
175 0.055081
176 0.055212
177 0.053575
178 0.055686
179 0.054861
180 0.058649
181 0.058079
182 0.062918
183 0.060258
184 0.059809
185 0.062046
186 0.062508
187 0.057479
188 0.055592
189 0.054916
190 0.056696
191 0.057546
192 0.056602
193 0.056923
194 0.056122
195 0.060473
196 0.056251
197 0.053749
198 0.053668
199 0.056326
200 0.057491
201 0.062109
202 0.058787
203 0.059239
204 0.055279
205 0.058282
206 0.056814
207 0.055464
208 0.057932
209 0.057584
210 0.059671
211 0.054034
212 0.063465
213 0.049305
214 0.051398
215 0.049773
216 0.053003
217 0.055291
218 0.055262
219 0.056245
220 0.054020
221 0.059543
222 0.060102
223 0.061895
224 0.061268
225 0.059791
226 0.060341
227 0.061812
228 0.059993
229 0.059936
230 0.051061
231 0.057364
232 0.055102
233 0.058383
234 0.055575
235 0.057631
236 0.056908
237 0.057171
238 0.057110
239 0.057243
240 0.059188
241 0.057627
242 0.058331
243 0.052093
244 0.056614
245 0.055612
246 0.056152
247 0.056098
248 0.055858
249 0.055857
250 0.056699
251 0.052744
252 0.055461
253 0.055101
254 0.055285
255 0.055524
256 0.055373
257 0.057784
258 0.058573
259 0.053780
260 0.059981
261 0.063859
262 0.062087
263 0.064394
264 0.058847
265 0.055583
266 0.061999
267 0.061836
268 0.063803
269 0.064488
270 0.066840
271 0.058614
272 0.056895
273 0.056220
274 0.056798
275 0.051395
276 0.050817
277 0.045692
278 0.050343
279 0.057104
280 0.056391
281 0.057434
282 0.066292
283 0.066137
284 0.056767
285 0.057131
286 0.053017
287 0.041938
288 0.043233
289 0.042987
290 0.043026
291 0.043069
292 0.042966
293 0.042970
294 0.042956
295 0.042957
296 0.042832
297 0.043047
298 0.042951
299 0.042648
300 0.042916
301 0.042907
302 0.042664
303 0.042955
304 0.042518
305 0.042505
306 0.042469
307 0.042488
308 0.042549
309 0.042665
310 0.042294
311 0.042250
312 0.042175
313 0.042181
314 0.042136
315 0.042151
316 0.042305
317 0.042009
318 0.042142
319 0.041955
320 0.041762
321 0.041891
322 0.041689
323 0.041801
324 0.041641
325 0.041928
326 0.041992
327 0.041539
328 0.041506
329 0.041483
330 0.041753
331 0.041601
332 0.041620
333 0.041239
334 0.041386
335 0.041443
336 0.041471
337 0.041440
338 0.041342
339 0.041476
340 0.041285
341 0.041288
342 0.041039
343 0.041030
344 0.041175
345 0.041089
346 0.040981
347 0.041030
348 0.040960
349 0.040900
350 0.040711
351 0.040837
352 0.040877
353 0.040511
354 0.040639
355 0.054862
356 0.054846
357 0.058572
358 0.059651
359 0.066282
360 0.069098
361 0.067126
362 0.073791
363 0.073175
364 0.067989
365 0.072583
366 0.073989
367 0.077525
368 0.066769
369 0.063320
370 0.067055
371 0.069823
372 0.065806
373 0.052866
374 0.067274
375 0.061401
376 0.067387
377 0.059826
378 0.062144
379 0.063102
380 0.062412
381 0.061712
382 0.064118
383 0.065076
384 0.063400
385 0.060932
386 0.063360
387 0.063705
388 0.065425
389 0.060552
390 0.053530
391 0.050270
392 0.053106
393 0.056088
394 0.060535
395 0.060253
396 0.060078
397 0.051887
398 0.056121
399 0.052487
400 0.056162
401 0.061134
402 0.068790
403 0.066608
404 0.071936
405 0.062579
406 0.069835
407 0.073670
408 0.066048
409 0.071955
410 0.063436
411 0.063903
412 0.073764
413 0.065920
414 0.064066
415 0.059846
416 0.060717
417 0.057758
418 0.056181
419 0.058781
420 0.051845
421 0.056131
422 0.052042
423 0.050693
424 0.051579
425 0.063939
426 0.063227
427 0.062268
428 0.064971
429 0.068540
430 0.069363
431 0.069407
432 0.068558
433 0.068439
434 0.068198
435 0.062382
436 0.063009
437 0.059613
438 0.062811
439 0.062067
440 0.063868
441 0.067184
442 0.067572
443 0.068105
444 0.069425
445 0.062952
446 0.057665
447 0.050925
448 0.052028
449 0.048637
450 0.052813
451 0.050172
452 0.048176
453 0.058036
454 0.060724
455 0.057337
456 0.077026
457 0.068629
458 0.070333
459 0.076195
460 0.054934
461 0.057099
462 0.054279
463 0.059607
464 0.068317
465 0.065722
466 0.060079
467 0.050191
468 0.057862
469 0.048114
470 0.051441
471 0.050820
472 0.050516
473 0.048432
474 0.046596
475 0.045370
476 0.045829
477 0.044232
478 0.041406
479 0.044837
480 0.040233
481 0.039060
482 0.039083
483 0.039805
484 0.038566
485 0.037180
486 0.042521
487 0.041368
488 0.037992
489 0.043075
490 0.051303
491 0.051286
492 0.052285
493 0.058604
494 0.059359
495 0.064388
496 0.060605
497 0.061351
498 0.063644
499 0.064184
500 0.052646
501 0.050526
502 0.057948
503 0.071897
504 0.068634
505 0.061948
506 0.065705
507 0.061672
508 0.059256
509 0.051011
510 0.046330
511 0.056118
512 0.054649
513 0.045029
514 0.055022
515 0.057530
516 0.057809
517 0.046998
518 0.054883
519 0.041363
520 0.050796
521 0.063937
522 0.044199
523 0.046453
524 0.047353
525 0.050067
526 0.049710
527 0.047373
528 0.052624
529 0.051024
530 0.057636
531 0.051075
532 0.063029
533 0.054584
534 0.055299
535 0.052360
536 0.054578
537 0.056952
538 0.056510
539 0.052925
540 0.052645
541 0.054619
542 0.061332
543 0.060170
544 0.064938
545 0.062368
546 0.062509
547 0.057967
548 0.058221
549 0.059672
550 0.061167
551 0.062953
552 0.066324
553 0.064755
554 0.063527
555 0.072435
556 0.071165
557 0.072159
558 0.067015
559 0.056331
560 0.063682
561 0.062879
562 0.053732
563 0.051096
564 0.054359
565 0.062288
566 0.055520
567 0.054616
568 0.058206
569 0.054833
570 0.048347
571 0.050946
572 0.054747
573 0.054134
574 0.055865
575 0.057259
576 0.055530
577 0.061183
578 0.061157
579 0.060186
580 0.065227
581 0.063221
582 0.067190
583 0.072035
584 0.064377
585 0.068696
586 0.059929
587 0.053488
588 0.051059
589 0.052189
590 0.041150
591 0.058162
592 0.060761
593 0.070375
594 0.072921
595 0.066508
596 0.065307
597 0.060372
598 0.064109
599 0.055944
600 0.058386
601 0.059077
602 0.054080
603 0.053312
604 0.059544
605 0.061139
606 0.065865
607 0.052077
608 0.053404
609 0.056684
610 0.052883
611 0.058552
612 0.055409
613 0.060849
614 0.058416
615 0.060153
616 0.058998
617 0.063193
618 0.058890
619 0.059789
620 0.055842
621 0.062683
622 0.058584
623 0.067345
624 0.068016
625 0.076792
626 0.064527
627 0.064488
628 0.048899
629 0.052194
630 0.041731
631 0.052045
632 0.052504
633 0.057958
634 0.063343
635 0.055779
636 0.058241
637 0.057026
638 0.054644
639 0.063707
640 0.059933
641 0.060150
642 0.061022
643 0.062652
644 0.061012
645 0.056688
646 0.058568
647 0.060375
648 0.055313
649 0.055692
650 0.069098
651 0.062375
652 0.057435
653 0.062259
654 0.071247
655 0.065410
656 0.067170
657 0.063686
658 0.052185
659 0.059834
660 0.044254
661 0.055255
662 0.053145
663 0.060937
664 0.056171
665 0.054165
666 0.058787
667 0.064085
668 0.052984
669 0.052855
670 0.042139
671 0.044951
672 0.070334
673 0.063774
674 0.067343
675 0.066252
676 0.060326
677 0.064788
678 0.064714
679 0.062161
680 0.054381
681 0.053978
682 0.053067
683 0.051967
684 0.049931
685 0.051945
686 0.051702
687 0.048339
688 0.053380
689 0.055666
690 0.056872
691 0.054254
692 0.054999
693 0.058228
694 0.054747
695 0.051658
696 0.055440
697 0.058029
698 0.060641
699 0.066059
700 0.062178
701 0.067106
702 0.063334
703 0.057573
704 0.048285
705 0.052085
706 0.062694
707 0.069105
708 0.062650
709 0.058726
710 0.055147
711 0.060652
712 0.069228
713 0.060190
714 0.068279
715 0.066454
716 0.063572
717 0.072260
718 0.078160
719 0.061697
720 0.051875
721 0.044170
722 0.064939
723 0.075042
724 0.062181
725 0.056690
726 0.059864
727 0.055499
728 0.062351
729 0.062270
730 0.063141
731 0.062433
732 0.064201
733 0.055237
734 0.054426
735 0.057971
736 0.059402
737 0.053646
738 0.059704
739 0.053220
740 0.051832
741 0.054673
742 0.052876
743 0.055959
744 0.050178
745 0.042965
746 0.053318
747 0.049224
748 0.051715
749 0.046249
750 0.046906
751 0.035712
752 0.044139
753 0.047453
754 0.047671
755 0.051859
756 0.054694
757 0.055454
758 0.052263
759 0.058593
760 0.051285
761 0.048228
762 0.048923
763 0.040717
764 0.039801
765 0.038708
766 0.039264
767 0.043146
768 0.047173
769 0.051732
770 0.052197
771 0.058720
772 0.060100
773 0.059328
774 0.065674
775 0.063464
776 0.063705
777 0.064684
778 0.061419
779 0.058209
780 0.054343
781 0.050534
782 0.048525
783 0.043897
784 0.044100
785 0.053087
786 0.050203
787 0.052523
788 0.053746
789 0.050491
790 0.055791
791 0.054641
792 0.060471
793 0.062543
794 0.053888
795 0.048257
796 0.059077
797 0.067035
798 0.064428
799 0.057565
800 0.051947
801 0.055948
802 0.065656
803 0.061725
804 0.064312
805 0.058232
806 0.062130
807 0.060651
808 0.066823
809 0.068789
810 0.072770
811 0.069273
812 0.067567
813 0.071683
814 0.077730
815 0.064022
816 0.071561
817 0.067491
818 0.073621
819 0.075092
820 0.073232
821 0.071407
822 0.072600
823 0.075671
824 0.073972
825 0.066110
826 0.064474
827 0.064026
828 0.071102
829 0.068553
830 0.081642
831 0.068043
832 0.065535
833 0.074342
834 0.076673
835 0.069399
836 0.067425
837 0.066290
838 0.062511
839 0.061244
840 0.062947
841 0.064582
842 0.063969
843 0.058456
844 0.062632
845 0.063712
846 0.064695
847 0.071798
848 0.059402
849 0.068227
850 0.056200
851 0.053378
852 0.064659
853 0.062239
854 0.057497
855 0.056319
856 0.054998
857 0.052593
858 0.064807
859 0.053737
860 0.045134
861 0.053921
862 0.054788
863 0.053438
864 0.054011
865 0.051295
866 0.052773
867 0.048136
868 0.049391
869 0.050895
870 0.046003
871 0.048049
872 0.048581
873 0.047658
874 0.044356
875 0.048868
876 0.047099
877 0.044719
878 0.045543
879 0.045866
880 0.042358
881 0.043446
882 0.040610
883 0.045483
884 0.048950
885 0.042934
886 0.042953
887 0.044866
888 0.043646
889 0.044832
890 0.046178
891 0.049077
892 0.050325
893 0.045127
894 0.047477
895 0.048061
896 0.045230
897 0.051481
898 0.052215
899 0.050117
900 0.054935
901 0.050251
902 0.048843
903 0.053861
904 0.049372
905 0.049655
906 0.048092
907 0.052581
908 0.056161
909 0.054720
910 0.049315
911 0.051058
912 0.049099
913 0.050426
914 0.048437
915 0.050068
916 0.050982
917 0.049721
918 0.047802
919 0.050447
920 0.051342
921 0.053475
922 0.048940
923 0.047274
924 0.054142
925 0.053459
926 0.047861
927 0.055182
928 0.047492
929 0.053311
930 0.053419
931 0.053492
932 0.051265
933 0.048798
934 0.048697
935 0.048956
936 0.051808
937 0.054081
938 0.054428
939 0.058024
940 0.060768
941 0.061637
942 0.064835
943 0.060708
944 0.057891
945 0.056535
946 0.061554
947 0.057650
948 0.065702
949 0.056441
950 0.050759
951 0.057895
952 0.057190
953 0.052881
954 0.054991
955 0.051454
956 0.057323
957 0.055966
958 0.054677
959 0.060770
960 0.054237
961 0.057998
962 0.055711
963 0.053394
964 0.058971
965 0.056324
966 0.056136
967 0.055427
968 0.060058
969 0.058932
970 0.063506
971 0.063035
972 0.055979
973 0.054751
974 0.053047
975 0.053462
976 0.045533
977 0.049840
978 0.051605
979 0.052464
980 0.056217
981 0.059101
982 0.056649
983 0.050014
984 0.055169
985 0.056074
986 0.050195
987 0.056047
988 0.055546
989 0.054228
990 0.054388
991 0.058657
992 0.054056
993 0.054271
994 0.055548
995 0.059194
996 0.055774
997 0.059211
998 0.056648
999 0.053187
1000 0.052943
1001 0.051968
1002 0.053939
1003 0.051583
1004 0.055968
1005 0.057064
1006 0.054629
1007 0.054633
1008 0.051871
1009 0.055776
1010 0.058720
1011 0.052717
1012 0.056587
1013 0.049862
1014 0.055345
1015 0.062393
1016 0.049146
1017 0.050947
1018 0.056998
1019 0.062225
1020 0.058346
1021 0.064094
1022 0.054491
1023 0.050877
1024 0.048808
1025 0.051430
1026 0.068756
1027 0.063288
1028 0.059062
1029 0.060186
1030 0.062901
1031 0.056714
1032 0.063320
1033 0.070193
1034 0.062501
1035 0.064745
1036 0.068618
1037 0.065594
1038 0.067515
1039 0.067762
1040 0.067964
1041 0.070259
1042 0.066701
1043 0.067856
1044 0.074300
1045 0.069640
1046 0.075215
1047 0.075141
1048 0.078793
1049 0.079752
1050 0.078809
1051 0.078345
1052 0.079433
1053 0.083292
1054 0.080023
1055 0.083801
1056 0.082602
1057 0.084916
1058 0.085445
1059 0.084928
1060 0.082775
1061 0.078778
1062 0.084247
1063 0.084960
1064 0.048469
1065 0.040368
1066 0.039208
1067 0.077160
1068 0.050684
1069 0.074321
1070 0.072193
1071 0.038746
1072 0.037965
1073 0.040992
1074 0.040779
1075 0.041877
1076 0.041788
1077 0.040020
1078 0.049949
1079 0.077242
1080 0.071775
1081 0.066092
1082 0.061823
1083 0.071542
1084 0.070480
1085 0.068053
1086 0.066137
1087 0.069406
1088 0.063674
1089 0.073497
1090 0.079654
1091 0.067531
1092 0.064635
1093 0.067011
1094 0.068830
1095 0.070500
1096 0.066587
1097 0.069680
1098 0.064321
1099 0.061333
1100 0.062296
1101 0.063073
1102 0.063871
1103 0.070677
1104 0.070996
1105 0.070656
1106 0.066600
1107 0.072839
1108 0.071787
1109 0.069530
1110 0.071085
1111 0.071860
1112 0.068091
1113 0.063132
1114 0.065473
1115 0.068659
1116 0.064753
1117 0.066207
1118 0.063669
1119 0.066097
1120 0.066669
1121 0.066320
1122 0.067271
1123 0.068847
1124 0.065481
1125 0.061479
1126 0.064737
1127 0.062859
1128 0.066208
1129 0.067587
1130 0.069463
1131 0.064476
1132 0.063327
1133 0.063800
1134 0.070125
1135 0.052471
1136 0.044116
1137 0.051583
1138 0.063177
1139 0.066280
1140 0.071899
1141 0.068267
1142 0.064031
1143 0.062318
1144 0.061690
1145 0.065087
1146 0.066488
1147 0.064065
1148 0.063343
1149 0.063894
1150 0.045682
1151 0.042557
1152 0.045571
1153 0.058468
1154 0.056386
1155 0.060386
1156 0.047643
1157 0.057935
1158 0.067164
1159 0.065756
1160 0.066514
1161 0.067530
1162 0.064800
1163 0.064825
1164 0.061229
1165 0.061481
1166 0.056333
1167 0.059953
1168 0.054603
1169 0.053827
1170 0.052795
1171 0.052939
1172 0.052656
1173 0.052646
1174 0.052671
1175 0.052291
1176 0.052433
1177 0.052631
1178 0.052557
1179 0.052234
1180 0.052119
1181 0.052360
1182 0.052067
1183 0.051857
1184 0.051731
1185 0.051638
1186 0.051841
1187 0.051797
1188 0.051585
1189 0.051671
1190 0.051600
1191 0.051567
1192 0.051431
1193 0.051477
1194 0.051463
1195 0.051312
1196 0.051096
1197 0.051166
1198 0.050893
1199 0.050988
1200 0.050758
1201 0.050863
1202 0.050559
1203 0.051099
1204 0.050527
1205 0.050465
1206 0.050461
1207 0.050372
1208 0.050250
1209 0.050477
1210 0.050339
1211 0.050274
1212 0.050260
1213 0.050133
1214 0.049671
1215 0.049837
1216 0.050096
1217 0.049681
1218 0.049786
1219 0.049917
1220 0.049582
1221 0.049612
1222 0.049494
1223 0.049491
1224 0.049434
1225 0.049385
1226 0.049437
1227 0.049143
1228 0.049099
1229 0.049138
1230 0.049095
1231 0.048950
1232 0.048938
1233 0.048859
1234 0.048874
1235 0.048696
1236 0.048757
1237 0.048682
1238 0.048407
1239 0.048765
1240 0.048489
1241 0.048527
1242 0.048080
1243 0.048299
1244 0.048257
1245 0.048402
1246 0.048437
1247 0.048129
1248 0.048105
1249 0.047952
1250 0.048003
1251 0.047824
1252 0.047744
1253 0.047745
1254 0.047758
1255 0.047685
1256 0.047701
1257 0.047617
1258 0.047715
1259 0.047610
1260 0.047274
1261 0.047564
1262 0.047255
1263 0.047620
1264 0.047313
1265 0.047266
1266 0.047057
1267 0.046976
1268 0.047034
1269 0.046983
1270 0.046979
1271 0.046781
1272 0.046783
1273 0.046658
1274 0.046705
1275 0.046630
1276 0.046571
1277 0.046618
1278 0.046454
1279 0.046224
1280 0.046485
1281 0.046450
1282 0.046239
1283 0.046315
1284 0.046245
1285 0.046112
1286 0.046165
1287 0.045926
1288 0.046129
1289 0.046144
1290 0.045959
1291 0.045838
1292 0.045760
1293 0.045729
1294 0.045966
1295 0.045706
1296 0.045666
1297 0.045578
1298 0.045520
1299 0.045367
1300 0.045416
1301 0.045584
1302 0.045438
1303 0.045336
1304 0.045122
1305 0.045007
1306 0.045260
1307 0.045064
1308 0.045074
1309 0.044989
1310 0.044830
1311 0.044645
1312 0.044673
1313 0.044697
1314 0.044814
1315 0.044615
1316 0.044522
1317 0.044377
1318 0.044252
1319 0.044224
1320 0.044106
1321 0.044219
1322 0.044306
1323 0.044241
1324 0.044154
1325 0.044294
1326 0.044217
1327 0.043939
1328 0.043802
1329 0.043775
1330 0.043868
1331 0.043937
1332 0.043500
1333 0.043484
1334 0.043827
1335 0.043810
1336 0.043946
1337 0.044121
1338 0.043792
1339 0.044015
1340 0.043900
1341 0.043943
1342 0.044370
1343 0.044983
1344 0.045272
1345 0.046167
1346 0.047689
1347 0.047932
1348 0.049280
1349 0.051920
1350 0.054746
1351 0.053561
1352 0.057318
1353 0.061736
1354 0.070745
1355 0.051474
1356 0.043613
1357 0.043204
1358 0.043126
1359 0.043477
1360 0.049545
1361 0.062246
1362 0.066234
1363 0.062632
1364 0.056366
1365 0.052092
1366 0.060708
1367 0.061505
1368 0.059190
1369 0.046133
1370 0.042680
1371 0.042526
1372 0.042606
1373 0.045020
1374 0.045249
1375 0.045245
1376 0.045642
1377 0.072110
1378 0.062671
1379 0.073142
1380 0.070188
1381 0.070124
1382 0.066672
1383 0.066752
1384 0.067577
1385 0.068078
1386 0.075778
1387 0.060458
1388 0.067248
1389 0.081432
1390 0.075133
1391 0.063526
1392 0.060690
1393 0.075436
1394 0.067627
1395 0.067161
1396 0.060934
1397 0.063070
1398 0.065983
1399 0.083011
1400 0.088895
1401 0.077477
1402 0.084861
1403 0.082853
1404 0.075733
1405 0.086071
1406 0.085624
1407 0.083389
1408 0.083841
1409 0.081594
1410 0.083460
1411 0.081298
1412 0.084738
1413 0.082753
1414 0.087462
1415 0.072242
1416 0.081178
1417 0.086491
1418 0.080627
1419 0.080131
1420 0.074333
1421 0.070522
1422 0.085853
1423 0.081245
1424 0.080130
1425 0.086645
1426 0.060494
1427 0.061687
1428 0.071384
1429 0.070424
1430 0.066848
1431 0.073138
1432 0.098591
1433 0.075556
1434 0.071890
1435 0.064029
1436 0.057942
1437 0.051472
1438 0.051087
1439 0.051056
1440 0.052509
1441 0.051945
1442 0.052235
1443 0.051851
1444 0.052145
1445 0.052878
1446 0.052708
1447 0.052711
1448 0.052053
1449 0.049960
1450 0.051534
1451 0.050906
1452 0.052110
1453 0.052265
1454 0.051336
1455 0.052000
1456 0.051748
1457 0.052983
1458 0.052324
1459 0.056880
1460 0.051098
1461 0.050393
1462 0.050257
1463 0.050844
1464 0.050227
1465 0.051849
1466 0.050221
1467 0.050659
1468 0.050398
1469 0.049868
1470 0.049938
1471 0.050770
1472 0.051201
1473 0.049580
1474 0.050052
1475 0.050424
1476 0.051499
1477 0.049846
1478 0.049656
1479 0.049819
1480 0.048864
1481 0.049935
1482 0.049905
1483 0.048817
1484 0.049304
1485 0.049259
1486 0.049154
1487 0.050251
1488 0.050071
1489 0.049967
1490 0.048919
1491 0.050241
1492 0.049872
1493 0.049098
1494 0.049242
1495 0.050327
1496 0.047987
1497 0.048364
1498 0.048362
1499 0.049087
1500 0.053284
1501 0.054784
1502 0.056427
1503 0.057667
1504 0.055196
1505 0.053234
1506 0.055608
1507 0.054699
1508 0.056447
1509 0.054970
1510 0.054732
1511 0.056249
1512 0.052299
1513 0.053723
1514 0.054977
1515 0.055076
1516 0.053892
1517 0.054900
1518 0.055017
1519 0.054949
1520 0.054391
1521 0.055448
1522 0.055126
1523 0.054860
1524 0.053786
1525 0.055040
1526 0.054579
1527 0.051623
1528 0.054312
1529 0.054007
1530 0.054902
1531 0.054015
1532 0.054929
1533 0.053186
1534 0.053599
1535 0.054624
1536 0.053172
1537 0.054364
1538 0.053578
1539 0.053821
1540 0.053074
1541 0.053089
1542 0.053097
1543 0.052690
1544 0.053924
1545 0.053425
1546 0.052994
1547 0.053211
1548 0.053472
1549 0.052789
1550 0.053283
1551 0.054293
1552 0.050953
1553 0.052118
1554 0.055115
1555 0.053556
1556 0.053344
1557 0.052288
1558 0.052890
1559 0.052606
1560 0.052371
1561 0.052087
1562 0.053813
1563 0.053542
1564 0.052010
1565 0.052743
1566 0.052021
1567 0.050780
1568 0.052568
1569 0.052442
1570 0.052674
1571 0.052077
1572 0.051912
1573 0.051641
1574 0.052436
1575 0.052703
1576 0.052986
1577 0.051311
1578 0.051106
1579 0.049945
1580 0.050182
1581 0.047484
1582 0.049036
1583 0.049229
1584 0.048089
1585 0.046511
1586 0.050815
1587 0.050589
1588 0.052971
1589 0.052196
1590 0.054093
1591 0.053780
1592 0.049882
