0 0.058229
1 0.053028
2 0.065795
3 0.056036
4 0.064130
5 0.065859
6 0.065829
7 0.065308
8 0.065176
9 0.065543
10 0.064823
11 0.065327
12 0.062971
13 0.050410
14 0.058549
15 0.062625
16 0.061774
17 0.061678
18 0.055700
19 0.065114
20 0.068826
21 0.065303
22 0.063794
23 0.061581
24 0.061025
25 0.063325
26 0.061735
27 0.060240
28 0.064606
29 0.066203
30 0.063985
31 0.061520
32 0.063974
33 0.061091
34 0.054399
35 0.058441
36 0.058068
37 0.058880
38 0.057156
39 0.054628
40 0.053873
41 0.049842
42 0.054457
43 0.055344
44 0.058536
45 0.058402
46 0.061850
47 0.066309
48 0.061182
49 0.060305
50 0.066928
51 0.062309
52 0.063990
53 0.063799
54 0.067003
55 0.065090
56 0.056138
57 0.053885
58 0.057470
59 0.052570
60 0.056388
61 0.056972
62 0.056160
63 0.052355
64 0.052955
65 0.051670
66 0.057937
67 0.063277
68 0.063808
69 0.059691
70 0.064310
71 0.060104
72 0.061801
73 0.058536
74 0.061300
75 0.061252
76 0.061038
77 0.060993
78 0.060934
79 0.060607
80 0.060539
81 0.060119
82 0.060077
83 0.060379
84 0.060151
85 0.060143
86 0.059813
87 0.060200
88 0.060223
89 0.059871
90 0.059212
91 0.059430
92 0.059460
93 0.059296
94 0.059674
95 0.056246
96 0.061835
97 0.063094
98 0.061495
99 0.071145
100 0.064751
101 0.056017
102 0.069757
103 0.061290
104 0.066296
105 0.059464
106 0.055636
107 0.054723
108 0.057498
109 0.062904
110 0.061214
111 0.058587
112 0.058555
113 0.059254
114 0.060931
115 0.060521
116 0.060474
117 0.061340
118 0.051850
119 0.060130
120 0.058214
121 0.057804
122 0.054663
123 0.053053
124 0.055327
125 0.062475
126 0.050709
127 0.056794
128 0.060188
129 0.060223
130 0.055972
131 0.052652
132 0.058086
133 0.058410
134 0.055239
135 0.054025
136 0.055516
137 0.051789
138 0.055269
139 0.060649
140 0.056164
141 0.062812
142 0.057325
143 0.057802
144 0.055816
145 0.057165
146 0.059973
147 0.062881
148 0.056071
149 0.057851
150 0.055636
151 0.060330
152 0.056907
153 0.057986
154 0.055413
155 0.056158
156 0.059876
157 0.052051
158 0.055748
159 0.061377
160 0.063816
161 0.059711
162 0.063622
163 0.066576
164 0.062495
165 0.065325
166 0.065740
167 0.064540
168 0.064595
169 0.064320
170 0.063827
171 0.063344
172 0.064813
173 0.060194
174 0.058923
175 0.054950
176 0.057634
177 0.054214
178 0.059815
179 0.059507
180 0.055361
181 0.060627
182 0.059360
183 0.062974
184 0.056547
185 0.060328
186 0.063030
187 0.062175
188 0.054226
189 0.056830
190 0.058168
191 0.070145
192 0.055124
193 0.059392
194 0.059942
195 0.059679
196 0.058936
197 0.061429
198 0.056783
199 0.065949
200 0.070727
201 0.063001
202 0.069092
203 0.057995
204 0.054608
205 0.057740
206 0.064422
207 0.065315
208 0.066988
209 0.062402
210 0.061623
211 0.058328
212 0.050899
213 0.052675
214 0.051901
215 0.052150
216 0.052700
217 0.051892
218 0.052234
219 0.052785
220 0.052819
221 0.053621
222 0.054680
223 0.054413
224 0.054159
225 0.051815
226 0.052579
227 0.053085
228 0.053106
229 0.051838
230 0.051793
231 0.052317
232 0.050432
233 0.056639
234 0.056659
235 0.061866
236 0.057752
237 0.061482
238 0.054839
239 0.052270
240 0.053912
241 0.053833
242 0.053925
243 0.053805
244 0.053905
245 0.057690
246 0.057856
247 0.060827
248 0.063557
249 0.064391
250 0.067331
251 0.065472
252 0.069947
253 0.074074
254 0.078063
255 0.074130
256 0.075079
257 0.074124
258 0.078306
259 0.080799
260 0.077181
261 0.067424
262 0.083510
263 0.073960
264 0.069996
265 0.069620
266 0.058709
267 0.059048
268 0.059137
269 0.058982
270 0.058837
271 0.058665
272 0.058495
273 0.058866
274 0.059372
275 0.058219
276 0.058335
277 0.058368
278 0.058438
279 0.058253
280 0.058351
281 0.058066
282 0.058139
283 0.057774
284 0.057757
285 0.058132
286 0.057861
287 0.057728
288 0.057564
289 0.057273
290 0.057336
291 0.056935
292 0.056982
293 0.057263
294 0.057488
295 0.056612
296 0.056813
297 0.057130
298 0.059812
299 0.060134
300 0.070699
301 0.056619
302 0.055168
303 0.052102
304 0.058265
305 0.048138
306 0.045359
307 0.046887
308 0.053054
309 0.054152
310 0.056231
311 0.046974
312 0.049194
313 0.051210
314 0.049178
315 0.054535
316 0.058397
317 0.057049
318 0.063503
319 0.076763
320 0.072595
321 0.074607
322 0.071359
323 0.070879
324 0.068605
325 0.059150
326 0.065587
327 0.068144
328 0.067101
329 0.070837
330 0.063946
331 0.070841
332 0.072156
333 0.071555
334 0.071505
335 0.070946
336 0.071314
337 0.063183
338 0.070454
339 0.065175
340 0.063337
341 0.052565
342 0.057428
343 0.059058
344 0.057886
345 0.059852
346 0.058213
347 0.056022
348 0.052949
349 0.064235
350 0.060070
351 0.063167
352 0.056755
353 0.056669
354 0.058083
355 0.056837
356 0.057100
357 0.056588
358 0.058796
359 0.056631
360 0.057535
361 0.054545
362 0.063132
363 0.062042
364 0.077932
365 0.050549
366 0.058304
367 0.049867
368 0.048612
369 0.054663
370 0.054642
371 0.054268
372 0.066650
373 0.061951
374 0.063360
375 0.055185
376 0.054669
377 0.054470
378 0.054616
379 0.054181
380 0.053905
381 0.053810
382 0.054158
383 0.061298
384 0.055819
385 0.055683
386 0.059351
387 0.061704
388 0.059729
389 0.062706
390 0.044322
391 0.051101
392 0.044786
393 0.048526
394 0.040530
395 0.048809
396 0.058828
397 0.043366
398 0.051562
399 0.041020
400 0.048909
401 0.055913
402 0.049906
403 0.053142
404 0.049920
405 0.034931
406 0.064273
407 0.050359
408 0.051624
409 0.051157
410 0.060946
411 0.056339
412 0.065904
413 0.065535
414 0.070187
415 0.066479
416 0.063778
417 0.065100
418 0.058109
419 0.067095
420 0.071578
421 0.077573
422 0.066989
423 0.062639
424 0.057919
425 0.065461
426 0.060377
427 0.057384
428 0.058734
429 0.065432
430 0.069198
431 0.068961
432 0.066914
433 0.066581
434 0.060687
435 0.052934
436 0.051345
437 0.049239
438 0.057982
439 0.052234
440 0.048554
441 0.042530
442 0.044268
443 0.044026
444 0.042592
445 0.067760
446 0.070904
447 0.061625
448 0.067840
449 0.070742
450 0.072682
451 0.070171
452 0.059690
453 0.060162
454 0.064469
455 0.072522
456 0.070342
457 0.065794
458 0.070593
459 0.071811
460 0.071841
461 0.071423
462 0.069281
463 0.069484
464 0.066090
465 0.059829
466 0.064390
467 0.067155
468 0.071107
469 0.078900
470 0.052399
471 0.049227
472 0.072659
473 0.066240
474 0.066949
475 0.059544
476 0.067047
477 0.049562
478 0.056801
479 0.054223
480 0.059542
481 0.071949
482 0.074145
483 0.072888
484 0.064145
485 0.062093
486 0.058365
487 0.048379
488 0.066976
489 0.071865
490 0.061095
491 0.059333
492 0.064206
493 0.067687
494 0.065945
495 0.065197
496 0.058447
497 0.057203
498 0.063538
499 0.063553
500 0.048914
501 0.044725
502 0.045480
503 0.052131
504 0.061426
505 0.057179
506 0.055220
507 0.057688
508 0.061764
509 0.062054
510 0.066676
511 0.058745
512 0.062551
513 0.070848
514 0.063058
515 0.075850
516 0.065522
517 0.068409
518 0.062067
519 0.066535
520 0.071998
521 0.071540
522 0.072977
523 0.064478
524 0.035831
525 0.053476
526 0.060419
527 0.076219
528 0.076061
529 0.071751
530 0.069355
531 0.076748
532 0.076554
533 0.073032
534 0.076492
535 0.066597
536 0.061107
537 0.066951
538 0.067531
539 0.059694
540 0.063327
541 0.066887
542 0.066727
543 0.068090
544 0.067775
545 0.062012
546 0.066082
547 0.061354
548 0.052310
549 0.055286
550 0.061257
551 0.061418
552 0.065491
553 0.067849
554 0.058255
555 0.068384
556 0.061497
557 0.062424
558 0.050824
559 0.048018
560 0.054430
561 0.056754
562 0.061293
563 0.063143
564 0.063759
565 0.067205
566 0.070614
567 0.073630
568 0.070915
569 0.069652
570 0.072630
571 0.069498
572 0.063781
573 0.061678
574 0.058447
575 0.055405
576 0.050143
577 0.047602
578 0.050828
579 0.057260
580 0.054579
581 0.067730
582 0.062054
583 0.067717
584 0.070152
585 0.061748
586 0.058581
587 0.055472
588 0.063679
589 0.056642
590 0.067027
591 0.043454
592 0.049363
593 0.062758
594 0.064895
595 0.057313
596 0.066271
597 0.065920
598 0.071816
599 0.058971
600 0.063368
601 0.076243
602 0.069254
603 0.076708
604 0.076359
605 0.071866
606 0.071855
607 0.070371
608 0.069607
609 0.069346
610 0.073332
611 0.064427
612 0.062660
613 0.061264
614 0.051479
615 0.046376
616 0.046463
617 0.051311
618 0.053062
619 0.064966
620 0.054135
621 0.061634
622 0.052716
623 0.055175
624 0.056610
625 0.062966
626 0.070710
627 0.072424
628 0.068229
629 0.065827
630 0.058900
631 0.058064
632 0.051489
633 0.066927
634 0.070613
635 0.067503
636 0.071185
637 0.071694
638 0.070947
639 0.067903
640 0.063556
641 0.062291
642 0.065092
643 0.053565
644 0.052897
645 0.054117
646 0.051710
647 0.052928
648 0.059216
649 0.059421
650 0.057959
651 0.058678
652 0.056715
653 0.056706
654 0.050304
655 0.048708
656 0.050166
657 0.066791
658 0.071914
659 0.053274
660 0.046966
661 0.044110
662 0.044688
663 0.041461
664 0.037980
665 0.039431
666 0.037198
667 0.039136
668 0.035341
669 0.036589
670 0.035654
671 0.036545
672 0.036530
673 0.039087
674 0.045577
675 0.051590
676 0.045682
677 0.037625
678 0.045229
679 0.043363
680 0.038722
681 0.043223
682 0.046994
683 0.041185
684 0.040512
685 0.040723
686 0.036076
687 0.040102
688 0.036716
689 0.038679
690 0.034212
691 0.034626
692 0.035978
693 0.035474
694 0.036393
695 0.034454
696 0.035004
697 0.037723
698 0.035586
699 0.036407
700 0.034701
701 0.036119
702 0.037798
703 0.033953
704 0.034170
705 0.036816
706 0.034907
707 0.037181
708 0.034380
709 0.034095
710 0.033875
711 0.034236
712 0.034557
713 0.033447
714 0.033505
715 0.050867
716 0.038583
717 0.036490
718 0.035403
719 0.035169
720 0.036950
721 0.039962
722 0.040070
723 0.037047
724 0.035414
725 0.034689
726 0.034432
727 0.036862
728 0.039581
729 0.039502
730 0.040838
731 0.037928
732 0.071671
733 0.054268
734 0.082557
735 0.073173
736 0.034845
737 0.034730
738 0.032932
739 0.033652
740 0.049714
741 0.062973
742 0.043527
743 0.042170
744 0.048892
745 0.048651
746 0.054466
747 0.043538
748 0.042467
749 0.036403
750 0.034290
751 0.044232
752 0.041270
753 0.043675
754 0.056518
755 0.045787
756 0.050894
757 0.052219
758 0.053994
759 0.045973
760 0.045813
761 0.044883
762 0.042669
763 0.041318
764 0.037476
765 0.039105
766 0.040443
767 0.040478
768 0.039466
769 0.048981
770 0.042430
771 0.048187
772 0.035757
773 0.051657
774 0.043482
775 0.049904
776 0.042613
777 0.043830
778 0.037611
779 0.049675
780 0.054224
781 0.046746
782 0.044806
783 0.046476
784 0.041016
785 0.039629
786 0.040602
787 0.046808
788 0.038453
789 0.038568
790 0.036425
791 0.042649
792 0.039115
793 0.039333
794 0.042328
795 0.039928
796 0.041192
797 0.039286
798 0.041978
799 0.038617
800 0.039700
801 0.038032
802 0.035781
803 0.035940
804 0.037384
805 0.036968
806 0.039924
807 0.041267
808 0.037200
809 0.038420
810 0.038055
811 0.041514
812 0.049918
813 0.061581
814 0.068079
815 0.068601
816 0.068945
817 0.064859
818 0.066750
819 0.065876
820 0.066727
821 0.060282
822 0.067739
823 0.071052
824 0.076454
825 0.075690
826 0.077385
827 0.078030
828 0.075410
829 0.078215
830 0.077822
831 0.076891
832 0.068686
833 0.072419
834 0.063661
835 0.070825
836 0.073931
837 0.070032
838 0.073650
839 0.073784
840 0.081409
841 0.077028
842 0.071073
843 0.079867
844 0.069258
845 0.078539
846 0.078979
847 0.077986
848 0.084107
849 0.078718
850 0.078245
851 0.078362
852 0.082078
853 0.079743
854 0.067777
855 0.078398
856 0.068405
857 0.078322
858 0.078327
859 0.073181
860 0.074326
861 0.068947
862 0.072487
863 0.076247
864 0.080272
865 0.070046
866 0.065866
867 0.069428
868 0.072359
869 0.065843
870 0.079638
871 0.075002
872 0.077168
873 0.078649
874 0.079017
875 0.065937
876 0.077448
877 0.071823
878 0.062488
879 0.052585
880 0.072503
881 0.073316
882 0.072456
883 0.070280
884 0.070154
885 0.071150
886 0.069756
887 0.068937
888 0.069923
889 0.068150
890 0.068168
891 0.067317
892 0.067959
893 0.067434
894 0.068402
895 0.067123
896 0.053433
897 0.065604
898 0.040806
899 0.063835
900 0.066254
901 0.038746
902 0.064552
903 0.065499
904 0.040371
905 0.060678
906 0.061500
907 0.043137
908 0.061548
909 0.067471
910 0.065198
911 0.063447
912 0.066659
913 0.037062
914 0.065902
915 0.062649
916 0.035758
917 0.061616
918 0.076988
919 0.076552
920 0.059395
921 0.054979
922 0.050968
923 0.050679
924 0.045212
925 0.048628
926 0.049516
927 0.051299
928 0.040380
929 0.034438
930 0.032373
931 0.032506
932 0.032909
933 0.032843
934 0.037888
935 0.034130
936 0.033216
937 0.033916
938 0.032814
939 0.033468
940 0.033076
941 0.035691
942 0.034198
943 0.035477
944 0.034720
945 0.032432
946 0.037153
947 0.032993
948 0.038541
949 0.033736
950 0.034246
951 0.033710
952 0.035223
953 0.033892
954 0.032488
955 0.033027
956 0.051228
957 0.041541
958 0.040468
959 0.039559
960 0.033204
961 0.038413
962 0.035311
963 0.035325
964 0.034629
965 0.034645
966 0.033090
967 0.036425
968 0.039956
969 0.034984
970 0.035513
971 0.037551
972 0.037690
973 0.037681
974 0.036763
975 0.037814
976 0.038445
977 0.037213
978 0.039093
979 0.038519
980 0.034444
981 0.033016
982 0.032970
983 0.032885
984 0.032133
985 0.041375
986 0.041831
987 0.037655
988 0.036366
989 0.041579
990 0.044166
991 0.045921
992 0.048746
993 0.050876
994 0.053222
995 0.062641
996 0.056240
997 0.057011
998 0.062841
999 0.060264
1000 0.057901
1001 0.065972
1002 0.054620
1003 0.042038
1004 0.042968
1005 0.052483
1006 0.061920
1007 0.063191
1008 0.047481
1009 0.068401
1010 0.067732
1011 0.065566
1012 0.071186
1013 0.062118
1014 0.062552
1015 0.053520
1016 0.036698
1017 0.074875
1018 0.067521
1019 0.066342
1020 0.069549
1021 0.064219
1022 0.074323
1023 0.069261
1024 0.071534
1025 0.070914
1026 0.071395
1027 0.064298
1028 0.060745
1029 0.062841
1030 0.057916
1031 0.061633
1032 0.060704
1033 0.055972
1034 0.061540
1035 0.061414
1036 0.063874
1037 0.065310
1038 0.056973
1039 0.049913
1040 0.049419
1041 0.044989
1042 0.045410
1043 0.051821
1044 0.047848
1045 0.051109
1046 0.055047
1047 0.056990
1048 0.070451
1049 0.060326
1050 0.039855
1051 0.038479
1052 0.036749
1053 0.047568
1054 0.051055
1055 0.063993
1056 0.068272
1057 0.055728
1058 0.066500
1059 0.067740
1060 0.066935
1061 0.068013
1062 0.050221
1063 0.044223
1064 0.043794
1065 0.054538
1066 0.065337
1067 0.063018
1068 0.059116
1069 0.058000
1070 0.059929
1071 0.054663
1072 0.067479
1073 0.060718
1074 0.054853
1075 0.059183
1076 0.048327
1077 0.044831
1078 0.045989
1079 0.042300
1080 0.039287
1081 0.054828
1082 0.059507
1083 0.058825
1084 0.053434
1085 0.072352
1086 0.052654
1087 0.051966
1088 0.055030
1089 0.044502
1090 0.049895
1091 0.049846
1092 0.049654
1093 0.050879
1094 0.043365
1095 0.045028
1096 0.047413
1097 0.047295
1098 0.047254
1099 0.048114
1100 0.065547
1101 0.047956
1102 0.062977
1103 0.056114
1104 0.055925
1105 0.059011
1106 0.056114
1107 0.063927
1108 0.055956
1109 0.055959
1110 0.061629
1111 0.061748
1112 0.062548
1113 0.046956
1114 0.042853
1115 0.048612
1116 0.047985
1117 0.047678
1118 0.038216
1119 0.059163
1120 0.061917
1121 0.061202
1122 0.055483
1123 0.042675
1124 0.053405
1125 0.061206
1126 0.042602
1127 0.058835
1128 0.058712
1129 0.066837
1130 0.060478
1131 0.064093
1132 0.068819
1133 0.067091
1134 0.071470
1135 0.072598
1136 0.067158
1137 0.062694
1138 0.064246
1139 0.059424
1140 0.057624
1141 0.055242
1142 0.068999
1143 0.074095
1144 0.072611
1145 0.076735
1146 0.076609
1147 0.080859
1148 0.059433
1149 0.051647
1150 0.049447
1151 0.043304
1152 0.051263
1153 0.063995
1154 0.066541
1155 0.062559
1156 0.065560
1157 0.073795
1158 0.071990
1159 0.073191
1160 0.065417
1161 0.066024
1162 0.038693
1163 0.061530
1164 0.062746
1165 0.057644
1166 0.063630
1167 0.059792
1168 0.061550
1169 0.059686
1170 0.061623
1171 0.071632
1172 0.067071
1173 0.061037
1174 0.057877
1175 0.058921
1176 0.059167
1177 0.057608
1178 0.063219
1179 0.062342
1180 0.064078
1181 0.069581
1182 0.069787
1183 0.071731
1184 0.072905
1185 0.069705
1186 0.068099
1187 0.070175
1188 0.068575
1189 0.061493
1190 0.069119
1191 0.070684
1192 0.065543
1193 0.066385
1194 0.063757
1195 0.062483
1196 0.062599
1197 0.066243
1198 0.065805
1199 0.068781
1200 0.068896
1201 0.069235
1202 0.069252
1203 0.068627
1204 0.068907
1205 0.068672
1206 0.068391
1207 0.068690
1208 0.068491
1209 0.068350
1210 0.068042
1211 0.068079
1212 0.067833
1213 0.067583
1214 0.067572
1215 0.067652
1216 0.067550
1217 0.067343
1218 0.067447
1219 0.067284
1220 0.066951
1221 0.066968
1222 0.067425
1223 0.066394
1224 0.066869
1225 0.066907
1226 0.067259
1227 0.066508
1228 0.066453
1229 0.066512
1230 0.066151
1231 0.066554
1232 0.066503
1233 0.065867
1234 0.066035
1235 0.065922
1236 0.065697
1237 0.065984
1238 0.066089
1239 0.066005
1240 0.065688
1241 0.065339
1242 0.065615
1243 0.065443
1244 0.065611
1245 0.065050
1246 0.065243
1247 0.065119
1248 0.065309
1249 0.064699
1250 0.064566
1251 0.064699
1252 0.064484
1253 0.064407
1254 0.064490
1255 0.064437
1256 0.064425
1257 0.064192
1258 0.064298
1259 0.064303
1260 0.063550
1261 0.064194
1262 0.063964
1263 0.064041
1264 0.063587
1265 0.063350
1266 0.063148
1267 0.063505
1268 0.063404
1269 0.063482
1270 0.063271
1271 0.062809
1272 0.063305
1273 0.062994
1274 0.062773
1275 0.062779
1276 0.062951
1277 0.062503
1278 0.062626
1279 0.062109
1280 0.062516
1281 0.062347
1282 0.062233
1283 0.062105
1284 0.062049
1285 0.062105
1286 0.062340
1287 0.062210
1288 0.062032
1289 0.059416
1290 0.067077
1291 0.062089
1292 0.062000
1293 0.063030
1294 0.063113
1295 0.061945
1296 0.061905
1297 0.065551
1298 0.058037
1299 0.057779
1300 0.062377
1301 0.061593
1302 0.065553
1303 0.062163
1304 0.067997
1305 0.067954
1306 0.068981
1307 0.066826
1308 0.065434
1309 0.059348
1310 0.062729
1311 0.065931
1312 0.061706
1313 0.066528
1314 0.067466
1315 0.062224
1316 0.061019
1317 0.058152
1318 0.062117
1319 0.063721
1320 0.064026
1321 0.060505
1322 0.065273
1323 0.067306
1324 0.065500
1325 0.048464
1326 0.055500
1327 0.054863
1328 0.068778
1329 0.062569
1330 0.058437
1331 0.056207
1332 0.060908
1333 0.066215
1334 0.064803
1335 0.068319
1336 0.058256
1337 0.057423
1338 0.042292
1339 0.041519
1340 0.057735
1341 0.074885
1342 0.055990
1343 0.063128
1344 0.065832
1345 0.066270
1346 0.049964
1347 0.057975
1348 0.044409
1349 0.058871
1350 0.048965
1351 0.049956
1352 0.049592
1353 0.064220
1354 0.046396
1355 0.035564
1356 0.035507
1357 0.036608
1358 0.037911
1359 0.038223
1360 0.037902
1361 0.038771
1362 0.052620
1363 0.058882
1364 0.059970
1365 0.059244
1366 0.057025
1367 0.058288
1368 0.056446
1369 0.061335
1370 0.065336
1371 0.061419
1372 0.060929
1373 0.059776
1374 0.060921
1375 0.060439
1376 0.060065
1377 0.062343
1378 0.058633
1379 0.059770
1380 0.061101
1381 0.060115
1382 0.064222
1383 0.062673
1384 0.064771
1385 0.058450
1386 0.059277
1387 0.058975
1388 0.060876
1389 0.065685
1390 0.062677
1391 0.059074
1392 0.062783
1393 0.065163
1394 0.062306
1395 0.038381
1396 0.059496
1397 0.062435
1398 0.059900
1399 0.054830
1400 0.059001
1401 0.056854
1402 0.056951
1403 0.058765
1404 0.058507
1405 0.061263
1406 0.062765
1407 0.064270
1408 0.063267
1409 0.068755
1410 0.068025
1411 0.066529
1412 0.064705
1413 0.069354
1414 0.061277
1415 0.061043
1416 0.063398
1417 0.063157
1418 0.063453
1419 0.063266
1420 0.063151
1421 0.054027
1422 0.063003
1423 0.072751
1424 0.064524
1425 0.065266
1426 0.064605
1427 0.064400
1428 0.064314
1429 0.064389
1430 0.064409
1431 0.063827
1432 0.063865
1433 0.063853
1434 0.064063
1435 0.063770
1436 0.063920
1437 0.064068
1438 0.063701
1439 0.063654
1440 0.063721
1441 0.063557
1442 0.062899
1443 0.062484
1444 0.062539
1445 0.062334
1446 0.062784
1447 0.062667
1448 0.062692
1449 0.062643
1450 0.062617
1451 0.062716
1452 0.062548
1453 0.062152
1454 0.062152
1455 0.062269
1456 0.061755
1457 0.061545
1458 0.061034
1459 0.061414
1460 0.061992
1461 0.061568
1462 0.061663
1463 0.061873
1464 0.061550
1465 0.061853
1466 0.061467
1467 0.061368
1468 0.061514
1469 0.061147
1470 0.060850
1471 0.060407
1472 0.060887
1473 0.060767
1474 0.060702
1475 0.060420
1476 0.060563
1477 0.060431
1478 0.059974
1479 0.060210
1480 0.059886
1481 0.059474
1482 0.059395
1483 0.059003
1484 0.059552
1485 0.060040
1486 0.059944
1487 0.060084
1488 0.059762
1489 0.059943
1490 0.059844
1491 0.059867
1492 0.059050
1493 0.059359
1494 0.059026
1495 0.058638
1496 0.058672
1497 0.059196
1498 0.058908
1499 0.058863
1500 0.058734
1501 0.058853
1502 0.058572
1503 0.058294
1504 0.058351
1505 0.058325
1506 0.058012
1507 0.058209
1508 0.057849
1509 0.057798
1510 0.057494
1511 0.057832
1512 0.057987
1513 0.057844
1514 0.057755
1515 0.057590
1516 0.057563
1517 0.057566
1518 0.057419
1519 0.057117
1520 0.056819
1521 0.056573
1522 0.056643
1523 0.056866
1524 0.057198
1525 0.057094
1526 0.057030
1527 0.057008
1528 0.056795
1529 0.056753
1530 0.056655
1531 0.056450
1532 0.056352
1533 0.056024
1534 0.055683
1535 0.056102
1536 0.055815
1537 0.056130
1538 0.056153
1539 0.055982
1540 0.056196
1541 0.055793
1542 0.057129
1543 0.055841
1544 0.055642
1545 0.055217
1546 0.055407
1547 0.054828
1548 0.054937
1549 0.055292
1550 0.055525
1551 0.060957
1552 0.060813
1553 0.060877
1554 0.060795
1555 0.060861
1556 0.061020
1557 0.060869
1558 0.060500
1559 0.060375
1560 0.059857
1561 0.060105
1562 0.060152
1563 0.060040
1564 0.060306
1565 0.060078
1566 0.060138
1567 0.060010
1568 0.059937
1569 0.060168
1570 0.059710
1571 0.059601
1572 0.058992
1573 0.058663
1574 0.059191
1575 0.058983
1576 0.059398
1577 0.059148
1578 0.059404
1579 0.059223
1580 0.059116
1581 0.059067
1582 0.059090
1583 0.058968
1584 0.058321
1585 0.058492
1586 0.058056
1587 0.058032
1588 0.058624
1589 0.058355
1590 0.058357
1591 0.058510
1592 0.058140
1593 0.058402
1594 0.058164
1595 0.057998
1596 0.057797
1597 0.057844
1598 0.057231
1599 0.057481
1600 0.057436
1601 0.057145
1602 0.057772
1603 0.057523
1604 0.057744
1605 0.057153
1606 0.057325
1607 0.057431
1608 0.057388
1609 0.057100
1610 0.056366
1611 0.055747
1612 0.056054
1613 0.056642
1614 0.056872
1615 0.057010
1616 0.057133
1617 0.057054
1618 0.056861
1619 0.056758
1620 0.056658
1621 0.056199
1622 0.056562
1623 0.056439
1624 0.055592
1625 0.055788
1626 0.056300
1627 0.055994
1628 0.056104
1629 0.056215
1630 0.056218
1631 0.055754
1632 0.055559
1633 0.055779
1634 0.055672
1635 0.055164
1636 0.055154
1637 0.054501
1638 0.055335
1639 0.055188
1640 0.055233
1641 0.055096
1642 0.055197
1643 0.055009
1644 0.055056
1645 0.055043
1646 0.054948
1647 0.054752
1648 0.054678
1649 0.054357
1650 0.055339
1651 0.054403
1652 0.055371
1653 0.056489
1654 0.054863
1655 0.061149
1656 0.060603
1657 0.064493
1658 0.061938
1659 0.063999
1660 0.063166
1661 0.065704
1662 0.069350
1663 0.065166
1664 0.069898
1665 0.066286
1666 0.058897
1667 0.065508
1668 0.060369
1669 0.057786
1670 0.071164
1671 0.073918
1672 0.073552
1673 0.075028
1674 0.079348
1675 0.069112
1676 0.071299
1677 0.071029
1678 0.070440
1679 0.082092
1680 0.079991
1681 0.085503
1682 0.078226
1683 0.080927
1684 0.084641
1685 0.077476
1686 0.093940
1687 0.079446
1688 0.078936
1689 0.120438
1690 0.114287
1691 0.109730
1692 0.092574
1693 0.082432
1694 0.075567
1695 0.087191
1696 0.088226
1697 0.073412
1698 0.073668
1699 0.073545
1700 0.071437
1701 0.084640
1702 0.080088
1703 0.080471
1704 0.081141
1705 0.080287
1706 0.081344
1707 0.086931
1708 0.084433
1709 0.077187
1710 0.081174
1711 0.074807
1712 0.077582
1713 0.071860
1714 0.080149
1715 0.085830
1716 0.087185
1717 0.081721
1718 0.075513
1719 0.077433
1720 0.071013
1721 0.079929
1722 0.090650
1723 0.072289
1724 0.064356
1725 0.074655
