0 0.094405
1 0.087911
2 0.087743
3 0.087231
4 0.088512
5 0.086881
6 0.086582
7 0.086647
8 0.086052
9 0.085005
10 0.084662
11 0.085185
12 0.083090
13 0.085087
14 0.084065
15 0.083348
16 0.082502
17 0.081981
18 0.082531
19 0.081800
20 0.081159
21 0.080476
22 0.079838
23 0.080419
24 0.080809
25 0.079829
26 0.079121
27 0.079522
28 0.080019
29 0.079496
30 0.079640
31 0.078718
32 0.078468
33 0.078725
34 0.077740
35 0.077230
36 0.076675
37 0.076294
38 0.076296
39 0.075871
40 0.074680
41 0.073962
42 0.074023
43 0.074871
44 0.073646
45 0.074190
46 0.073040
47 0.073335
48 0.072741
49 0.071793
50 0.072432
51 0.072369
52 0.071918
53 0.070061
54 0.071645
55 0.070881
56 0.071317
57 0.072227
58 0.072267
59 0.070683
60 0.070504
61 0.070135
62 0.069565
63 0.067442
64 0.067316
65 0.067226
66 0.069810
67 0.069014
68 0.068532
69 0.068074
70 0.067608
71 0.067130
72 0.069177
73 0.068568
74 0.064618
75 0.066836
76 0.063968
77 0.068118
78 0.066968
79 0.067182
80 0.071176
81 0.072135
82 0.072521
83 0.072838
84 0.071889
85 0.071743
86 0.071598
87 0.070930
88 0.071143
89 0.070838
90 0.070639
91 0.070366
92 0.071039
93 0.069936
94 0.071018
95 0.068322
96 0.071019
97 0.070565
98 0.069695
99 0.069988
100 0.069270
101 0.069286
102 0.068955
103 0.066800
104 0.069626
105 0.069396
106 0.069334
107 0.068817
108 0.065721
109 0.068620
110 0.061711
111 0.066139
112 0.062296
113 0.061709
114 0.066667
115 0.064222
116 0.063341
117 0.067007
118 0.065995
119 0.065571
120 0.060261
121 0.061659
122 0.058626
123 0.064591
124 0.061372
125 0.059628
126 0.060505
127 0.064005
128 0.059871
129 0.060325
130 0.075204
131 0.062666
132 0.062800
133 0.061804
134 0.060611
135 0.061965
136 0.062509
137 0.062410
138 0.061835
139 0.061958
140 0.061223
141 0.061764
142 0.062151
143 0.061949
144 0.061713
145 0.062178
146 0.061383
147 0.060949
148 0.061212
149 0.061306
150 0.060930
151 0.060544
152 0.060107
153 0.060156
154 0.060613
155 0.059838
156 0.059933
157 0.060192
158 0.059727
159 0.059857
160 0.058800
161 0.059438
162 0.059647
163 0.059689
164 0.059113
165 0.058872
166 0.059173
167 0.058970
168 0.058851
169 0.059047
170 0.058414
171 0.058226
172 0.058100
173 0.056901
174 0.057928
175 0.057743
176 0.057548
177 0.057447
178 0.057632
179 0.054733
180 0.056489
181 0.056203
182 0.055789
183 0.055917
184 0.055653
185 0.056634
186 0.056734
187 0.057165
188 0.057121
189 0.057623
190 0.056188
191 0.058087
192 0.057230
193 0.057985
194 0.057369
195 0.057601
196 0.056536
197 0.055238
198 0.057079
199 0.054628
200 0.056527
201 0.056327
202 0.054039
203 0.055863
204 0.055879
205 0.055667
206 0.054412
207 0.056493
208 0.056126
209 0.056710
210 0.056495
211 0.056034
212 0.055643
213 0.055406
214 0.055243
215 0.055805
216 0.055682
217 0.055077
218 0.054028
219 0.054715
220 0.054602
221 0.054860
222 0.053591
223 0.053480
224 0.053996
225 0.052031
226 0.054291
227 0.054170
228 0.054054
229 0.054070
230 0.053056
231 0.053903
232 0.054116
233 0.053808
234 0.053776
235 0.053196
236 0.053840
237 0.053841
238 0.053753
239 0.053517
240 0.053462
241 0.053593
242 0.052812
243 0.052867
244 0.051837
245 0.052478
246 0.052489
247 0.051551
248 0.051940
249 0.051981
250 0.058585
251 0.057301
252 0.052810
253 0.053414
254 0.052739
255 0.052930
256 0.053060
257 0.053223
258 0.051256
259 0.052829
260 0.052999
261 0.052993
262 0.052702
263 0.052071
264 0.052302
265 0.052226
266 0.051908
267 0.052489
268 0.052534
269 0.051337
270 0.052460
271 0.052110
272 0.052081
273 0.051980
274 0.051864
275 0.051260
276 0.059177
277 0.066914
278 0.059186
279 0.051444
280 0.051574
281 0.046999
282 0.049284
283 0.046870
284 0.047940
285 0.048945
286 0.046840
287 0.048300
288 0.048142
289 0.049456
290 0.047462
291 0.046919
292 0.050465
293 0.048987
294 0.068145
295 0.065260
296 0.048466
297 0.055280
298 0.051396
299 0.052065
300 0.054657
301 0.051337
302 0.054198
303 0.052427
304 0.052677
305 0.054795
306 0.052507
307 0.053233
308 0.053144
309 0.053139
310 0.052972
311 0.051388
312 0.052766
313 0.052310
314 0.051992
315 0.051932
316 0.052048
317 0.048179
318 0.049314
319 0.053017
320 0.050966
321 0.052009
322 0.051715
323 0.051782
324 0.049959
325 0.062701
326 0.049495
327 0.047289
328 0.046765
329 0.045946
330 0.046639
331 0.047363
332 0.046417
333 0.045928
334 0.046409
335 0.044374
336 0.045086
337 0.044905
338 0.046367
339 0.043991
340 0.046283
341 0.048615
342 0.047126
343 0.047229
344 0.049430
345 0.045606
346 0.048290
347 0.046441
348 0.047703
349 0.047390
350 0.047258
351 0.048760
352 0.047613
353 0.045917
354 0.047065
355 0.046699
356 0.045247
357 0.047740
358 0.045492
359 0.046308
360 0.047214
361 0.046788
362 0.048012
363 0.046035
364 0.046756
365 0.047896
366 0.048067
367 0.045284
368 0.045217
369 0.046114
370 0.043981
371 0.045753
372 0.044578
373 0.045020
374 0.044964
375 0.043989
376 0.043791
377 0.043405
378 0.045499
379 0.043740
380 0.045376
381 0.044064
382 0.044984
383 0.046443
384 0.044737
385 0.043823
386 0.044613
387 0.044016
388 0.044123
389 0.043169
390 0.043141
391 0.045301
392 0.043224
393 0.042790
394 0.046039
395 0.044455
396 0.042953
397 0.043857
398 0.042750
399 0.043023
400 0.044889
401 0.043296
402 0.042683
403 0.045168
404 0.042554
405 0.042354
406 0.042189
407 0.042769
408 0.042958
409 0.045021
410 0.042655
411 0.044100
412 0.043403
413 0.041886
414 0.044595
415 0.043262
416 0.044719
417 0.045178
418 0.042003
419 0.043412
420 0.044375
421 0.042494
422 0.043499
423 0.043437
424 0.041721
425 0.042166
426 0.044452
427 0.043767
428 0.044418
429 0.042429
430 0.042813
431 0.043841
432 0.044458
433 0.044461
434 0.041166
435 0.043756
436 0.043692
437 0.043460
438 0.043323
439 0.043871
440 0.043987
441 0.043766
442 0.043441
443 0.043486
444 0.043225
445 0.043321
446 0.043267
447 0.043573
448 0.043114
449 0.043481
450 0.043648
451 0.042632
452 0.042688
453 0.043224
454 0.041528
455 0.043132
456 0.042230
457 0.042873
458 0.042587
459 0.042449
460 0.041467
461 0.043266
462 0.042210
463 0.042945
464 0.042884
465 0.042571
466 0.043115
467 0.042555
468 0.042343
469 0.042844
470 0.042296
471 0.042289
472 0.043270
473 0.041010
474 0.041560
475 0.041735
476 0.041801
477 0.040601
478 0.041779
479 0.041398
480 0.041676
481 0.041764
482 0.042062
483 0.042151
484 0.042372
485 0.041676
486 0.041521
487 0.040956
488 0.041491
489 0.041233
490 0.039795
491 0.039722
492 0.040345
493 0.041352
494 0.040856
495 0.039899
496 0.040764
497 0.040716
498 0.040125
499 0.041555
500 0.041317
501 0.040367
502 0.039839
503 0.040958
504 0.039667
505 0.040664
506 0.039247
507 0.040163
508 0.039360
509 0.039232
510 0.039688
511 0.040357
512 0.040266
513 0.040243
514 0.041658
515 0.039998
516 0.040262
517 0.039903
518 0.039812
519 0.039885
520 0.040379
521 0.040736
522 0.038797
523 0.038949
524 0.040353
525 0.039762
526 0.039402
527 0.040932
528 0.039718
529 0.039527
530 0.038583
531 0.038576
532 0.039630
533 0.039275
534 0.040196
535 0.040386
536 0.040116
537 0.040170
538 0.039734
539 0.039626
540 0.039919
541 0.039673
542 0.039852
543 0.039585
544 0.039535
545 0.038843
546 0.039938
547 0.038612
548 0.039689
549 0.039841
550 0.039428
551 0.039512
552 0.039973
553 0.039592
554 0.039139
555 0.039062
556 0.039111
557 0.039017
558 0.039426
559 0.038440
560 0.038816
561 0.038417
562 0.039118
563 0.039538
564 0.039076
565 0.039451
566 0.037717
567 0.038718
568 0.039244
569 0.038960
570 0.037418
571 0.038719
572 0.038949
573 0.038646
574 0.038709
575 0.038362
576 0.037417
577 0.038523
578 0.038003
579 0.038267
580 0.038443
581 0.038945
582 0.037958
583 0.038555
584 0.037794
585 0.037387
586 0.042804
587 0.038770
588 0.039092
589 0.039662
590 0.040315
591 0.042462
592 0.040952
593 0.041691
594 0.041606
595 0.041567
596 0.041914
597 0.041580
598 0.042079
599 0.041241
600 0.040106
601 0.041828
602 0.042410
603 0.041379
604 0.043463
605 0.042121
606 0.043383
607 0.042427
608 0.046149
609 0.043624
610 0.043992
611 0.045246
612 0.043690
613 0.046132
614 0.045939
615 0.045164
616 0.043605
617 0.045669
618 0.045448
619 0.045463
620 0.045713
621 0.045572
622 0.045549
623 0.045565
624 0.043662
625 0.045434
626 0.045192
627 0.044757
628 0.045051
629 0.045351
630 0.045275
631 0.045497
632 0.045189
633 0.044944
634 0.044878
635 0.044714
636 0.043965
637 0.044848
638 0.043203
639 0.044961
640 0.043463
641 0.044798
642 0.045151
643 0.044955
644 0.045117
645 0.044909
646 0.045464
647 0.046103
648 0.055418
649 0.062061
650 0.083884
651 0.083988
652 0.085571
653 0.085257
654 0.085047
655 0.084914
656 0.084631
657 0.085891
658 0.086741
659 0.086200
660 0.086055
661 0.086030
662 0.086090
663 0.086220
664 0.086277
665 0.085935
666 0.082343
667 0.079940
668 0.080999
669 0.092231
670 0.078596
671 0.091267
672 0.084088
673 0.084297
674 0.084529
675 0.084439
676 0.084517
677 0.084488
678 0.084557
679 0.084210
680 0.084490
681 0.084741
682 0.084630
683 0.082605
684 0.090264
685 0.090032
686 0.079307
687 0.077261
688 0.072524
689 0.074914
690 0.068520
691 0.071422
692 0.072456
693 0.073481
694 0.073283
695 0.075710
696 0.080378
697 0.077377
698 0.077318
699 0.077165
700 0.075812
701 0.076624
702 0.077496
703 0.071375
704 0.074641
705 0.077996
706 0.072960
707 0.077652
708 0.075739
709 0.065942
710 0.069716
711 0.069511
712 0.076081
713 0.074292
714 0.073271
715 0.070592
716 0.067953
717 0.071774
718 0.072917
719 0.073581
720 0.073979
721 0.074447
722 0.074544
723 0.074416
724 0.074368
725 0.074570
726 0.074198
727 0.074328
728 0.074279
729 0.074234
730 0.073917
731 0.074650
732 0.073810
733 0.074040
734 0.073812
735 0.074011
736 0.073858
737 0.073457
738 0.073516
739 0.073708
740 0.073376
741 0.073123
742 0.073838
743 0.073240
744 0.074266
745 0.075621
746 0.077052
747 0.080748
748 0.077333
749 0.076970
750 0.069839
751 0.068612
752 0.078821
753 0.073169
754 0.068854
755 0.073427
756 0.075795
757 0.073930
758 0.074858
759 0.071869
760 0.072063
761 0.071780
762 0.070797
763 0.070530
764 0.072392
765 0.068773
766 0.069637
767 0.078501
768 0.077257
769 0.076781
770 0.076267
771 0.075543
772 0.080053
773 0.072503
774 0.075767
775 0.071041
776 0.070614
777 0.072326
778 0.073268
779 0.076049
780 0.070106
781 0.071851
782 0.074841
783 0.073327
784 0.079212
785 0.069343
786 0.076489
787 0.073768
788 0.073395
789 0.070963
790 0.068991
791 0.071189
792 0.069274
793 0.068898
794 0.069532
795 0.069203
796 0.069579
797 0.068292
798 0.074759
799 0.059856
800 0.065187
801 0.064444
802 0.062932
803 0.058719
804 0.057566
805 0.058073
806 0.058018
807 0.057927
808 0.057602
809 0.057901
810 0.058107
811 0.057907
812 0.058348
813 0.057628
814 0.057862
815 0.057785
816 0.057672
817 0.057557
818 0.057880
819 0.057012
820 0.057117
821 0.056910
822 0.057636
823 0.057400
824 0.057386
825 0.057234
826 0.057058
827 0.056835
828 0.056927
829 0.057340
830 0.056509
831 0.056410
832 0.056481
833 0.056600
834 0.056491
835 0.056673
836 0.056269
837 0.056318
838 0.056599
839 0.056633
840 0.056709
841 0.055885
842 0.056150
843 0.056066
844 0.056063
845 0.055874
846 0.055589
847 0.055597
848 0.055559
849 0.055727
850 0.055298
851 0.056665
852 0.055730
853 0.055685
854 0.055395
855 0.055213
856 0.054919
857 0.055432
858 0.054697
859 0.055021
860 0.055175
861 0.063253
862 0.058452
863 0.066236
864 0.065445
865 0.067105
866 0.070783
867 0.072751
868 0.058074
869 0.054728
870 0.051744
871 0.081186
872 0.081308
873 0.091871
874 0.082334
875 0.085719
876 0.081784
877 0.069924
878 0.069954
879 0.086329
880 0.077925
881 0.075910
882 0.073216
883 0.081093
884 0.079392
885 0.079695
886 0.070078
887 0.068026
888 0.069655
889 0.073079
890 0.080185
891 0.075752
892 0.069277
893 0.072759
894 0.075490
895 0.076730
896 0.082170
897 0.085018
898 0.082684
899 0.073197
900 0.068761
901 0.076946
902 0.079026
903 0.075573
904 0.069812
905 0.064629
906 0.060622
907 0.069656
908 0.065712
909 0.069016
910 0.069746
911 0.073563
912 0.072524
913 0.069595
914 0.072199
915 0.069118
916 0.069375
917 0.064136
918 0.064900
919 0.063618
920 0.060707
921 0.062588
922 0.068368
923 0.071190
924 0.069487
925 0.067975
926 0.070763
927 0.072933
928 0.074055
929 0.070756
930 0.071508
931 0.066334
932 0.068780
933 0.069444
934 0.065803
935 0.074386
936 0.074238
937 0.073828
938 0.067762
939 0.061933
940 0.068081
941 0.067168
942 0.065371
943 0.065082
944 0.069774
945 0.069555
946 0.070393
947 0.074331
948 0.068378
949 0.070395
950 0.072268
951 0.067482
952 0.072239
953 0.067459
954 0.067312
955 0.062375
956 0.063790
957 0.067199
958 0.071386
959 0.074526
960 0.072687
961 0.075477
962 0.069114
963 0.067822
964 0.070849
965 0.074278
966 0.071118
967 0.070023
968 0.068491
969 0.072886
970 0.070576
971 0.069526
972 0.062436
973 0.061532
974 0.061412
975 0.065405
976 0.071740
977 0.069884
978 0.073219
979 0.071006
980 0.072506
981 0.073770
982 0.067087
983 0.065255
984 0.065708
985 0.066420
986 0.071383
987 0.075841
988 0.072519
989 0.070464
990 0.072794
991 0.070024
992 0.068726
993 0.068398
994 0.062303
995 0.060236
996 0.065010
997 0.068115
998 0.070668
999 0.068437
1000 0.064502
1001 0.071878
1002 0.073063
1003 0.071164
1004 0.066766
1005 0.064295
1006 0.069247
1007 0.072786
1008 0.072016
1009 0.073976
1010 0.071977
1011 0.069241
1012 0.065591
1013 0.059517
1014 0.065057
1015 0.062441
1016 0.071501
1017 0.068166
1018 0.066882
1019 0.065970
1020 0.065313
1021 0.064860
1022 0.068149
1023 0.070272
1024 0.071586
1025 0.071987
1026 0.064250
1027 0.065065
1028 0.064305
1029 0.062348
1030 0.066700
1031 0.063257
1032 0.066823
1033 0.057917
1034 0.060820
1035 0.064373
1036 0.064622
1037 0.066674
1038 0.069300
1039 0.064094
1040 0.062229
1041 0.065517
1042 0.066930
1043 0.063329
1044 0.058224
1045 0.064411
1046 0.063087
1047 0.059058
1048 0.065509
1049 0.067418
1050 0.068247
1051 0.071997
1052 0.073861
1053 0.066220
1054 0.062079
1055 0.063909
1056 0.063735
1057 0.060945
1058 0.063846
1059 0.057616
1060 0.065754
1061 0.068224
1062 0.075606
1063 0.077461
1064 0.074207
1065 0.073071
1066 0.073605
1067 0.070417
1068 0.066406
1069 0.070369
1070 0.074168
1071 0.064893
1072 0.074208
1073 0.067134
1074 0.071149
1075 0.064652
1076 0.066887
1077 0.072252
1078 0.076202
1079 0.067290
1080 0.068040
1081 0.064330
1082 0.070373
1083 0.066759
1084 0.065557
1085 0.062057
1086 0.060865
1087 0.062232
1088 0.066851
1089 0.064898
1090 0.062860
1091 0.061646
1092 0.061733
1093 0.061440
1094 0.061403
1095 0.061080
1096 0.061372
1097 0.063095
1098 0.060460
1099 0.065124
1100 0.067348
1101 0.067181
1102 0.063548
1103 0.064175
1104 0.066147
1105 0.070775
1106 0.069759
1107 0.068218
1108 0.065691
1109 0.066455
1110 0.065470
1111 0.068921
1112 0.064267
1113 0.061414
1114 0.060201
1115 0.067942
1116 0.064380
1117 0.058784
1118 0.063528
1119 0.062837
1120 0.059163
1121 0.069233
1122 0.064458
1123 0.062063
1124 0.063812
1125 0.068045
1126 0.069520
1127 0.066040
1128 0.066300
1129 0.065469
1130 0.061535
1131 0.065181
1132 0.062528
1133 0.062476
1134 0.061292
1135 0.062439
1136 0.062481
1137 0.060300
1138 0.060729
1139 0.059168
1140 0.062358
1141 0.063903
1142 0.064687
1143 0.065828
1144 0.070257
1145 0.070109
1146 0.068184
1147 0.066248
1148 0.066230
1149 0.067982
1150 0.073755
1151 0.084015
1152 0.083421
1153 0.079785
1154 0.077079
1155 0.075323
1156 0.073667
1157 0.073145
1158 0.066497
1159 0.070603
1160 0.063483
1161 0.061966
1162 0.066906
1163 0.067429
1164 0.068788
1165 0.063364
1166 0.063546
1167 0.070266
1168 0.072652
1169 0.075165
1170 0.078326
1171 0.081726
1172 0.075187
1173 0.073820
1174 0.065976
1175 0.063436
1176 0.060021
1177 0.065196
1178 0.070463
1179 0.067810
1180 0.071919
1181 0.069397
1182 0.065582
1183 0.067452
1184 0.062387
1185 0.061109
1186 0.061010
1187 0.063397
1188 0.058963
1189 0.058128
1190 0.058356
1191 0.061530
1192 0.065208
1193 0.065135
1194 0.066120
1195 0.067184
1196 0.068906
1197 0.072487
1198 0.072443
1199 0.066029
1200 0.068272
1201 0.064355
1202 0.064269
1203 0.063052
1204 0.060554
1205 0.061146
1206 0.061207
1207 0.060855
1208 0.066172
1209 0.057450
1210 0.059473
1211 0.061461
1212 0.063666
1213 0.064032
1214 0.059265
1215 0.059999
1216 0.065790
1217 0.067685
1218 0.068860
1219 0.075241
1220 0.071754
1221 0.064545
1222 0.059205
1223 0.064929
1224 0.060448
1225 0.060631
1226 0.059278
1227 0.061880
1228 0.066784
1229 0.064957
1230 0.075777
1231 0.066067
1232 0.063974
1233 0.075145
1234 0.068790
1235 0.072142
1236 0.072974
1237 0.079223
1238 0.071585
1239 0.070660
1240 0.062786
1241 0.053916
1242 0.060797
1243 0.062280
1244 0.061913
1245 0.064281
1246 0.069599
1247 0.071246
1248 0.069785
1249 0.066045
1250 0.068609
1251 0.068649
1252 0.062532
1253 0.067446
1254 0.071509
1255 0.065910
1256 0.060639
1257 0.052471
1258 0.054066
1259 0.061608
1260 0.067298
1261 0.061660
1262 0.061369
1263 0.059076
1264 0.061744
1265 0.064310
1266 0.070375
1267 0.066061
1268 0.068329
1269 0.058668
1270 0.060230
1271 0.062796
1272 0.063901
1273 0.060136
1274 0.067043
1275 0.066715
1276 0.062293
1277 0.061584
1278 0.063609
1279 0.062342
1280 0.064315
1281 0.062441
1282 0.064381
1283 0.066468
1284 0.063750
1285 0.070055
1286 0.070316
1287 0.067137
1288 0.064282
1289 0.057910
1290 0.060005
1291 0.061269
1292 0.057981
1293 0.059772
1294 0.061808
1295 0.064797
1296 0.064015
1297 0.058199
1298 0.066244
1299 0.074482
1300 0.066736
1301 0.076804
1302 0.067493
1303 0.059329
1304 0.053716
1305 0.063886
1306 0.055816
1307 0.062791
1308 0.053679
1309 0.074572
1310 0.070702
1311 0.051709
1312 0.076270
1313 0.048960
1314 0.060605
1315 0.077970
1316 0.058236
1317 0.068681
1318 0.061466
1319 0.075543
1320 0.081905
1321 0.068024
1322 0.061191
1323 0.060614
1324 0.060015
1325 0.067935
1326 0.069082
1327 0.068335
1328 0.058833
1329 0.060024
1330 0.056791
1331 0.056442
1332 0.062481
1333 0.062451
1334 0.069008
1335 0.064374
1336 0.064454
1337 0.065058
1338 0.061173
1339 0.060305
1340 0.061957
1341 0.071200
1342 0.068448
1343 0.060583
1344 0.060384
1345 0.058452
1346 0.053947
1347 0.061908
1348 0.062162
1349 0.061456
1350 0.061449
1351 0.057921
1352 0.062045
1353 0.059233
1354 0.061471
1355 0.066966
1356 0.067043
1357 0.070764
1358 0.070199
1359 0.070675
1360 0.070874
1361 0.070846
1362 0.070163
1363 0.069887
1364 0.069957
1365 0.070317
1366 0.069304
1367 0.069760
1368 0.069897
1369 0.069579
1370 0.069470
1371 0.069270
1372 0.069430
1373 0.069970
1374 0.069240
1375 0.069624
1376 0.069032
1377 0.069100
1378 0.069315
1379 0.069063
1380 0.069238
1381 0.068609
1382 0.068300
1383 0.069499
1384 0.053951
1385 0.053452
1386 0.053100
1387 0.053666
1388 0.050452
1389 0.061421
1390 0.062841
1391 0.067823
1392 0.075603
1393 0.073084
1394 0.076068
1395 0.065907
1396 0.060594
1397 0.062387
1398 0.066576
1399 0.059146
1400 0.060331
1401 0.058896
1402 0.049918
1403 0.069336
1404 0.079355
1405 0.073408
1406 0.059403
1407 0.055376
1408 0.073089
1409 0.067939
1410 0.061238
1411 0.060400
1412 0.063356
1413 0.067452
1414 0.063360
1415 0.061253
1416 0.060980
1417 0.073600
1418 0.077592
1419 0.072345
1420 0.073102
1421 0.063228
1422 0.063384
1423 0.061990
1424 0.059327
1425 0.057775
1426 0.059925
1427 0.059327
1428 0.057068
1429 0.056915
1430 0.058550
1431 0.054364
1432 0.053557
1433 0.053783
1434 0.059627
1435 0.065882
1436 0.058970
1437 0.068978
1438 0.071328
1439 0.060808
1440 0.054094
1441 0.058283
1442 0.062032
1443 0.061185
1444 0.058908
1445 0.069832
1446 0.064437
1447 0.065606
1448 0.066094
1449 0.065363
1450 0.067170
1451 0.070475
1452 0.061693
1453 0.062681
1454 0.058132
1455 0.060745
1456 0.059040
1457 0.056295
1458 0.057600
1459 0.061468
1460 0.057747
1461 0.056202
1462 0.055422
1463 0.053412
1464 0.062447
1465 0.063733
1466 0.065998
1467 0.066543
1468 0.064232
1469 0.063508
1470 0.064711
1471 0.062502
1472 0.065076
1473 0.063315
1474 0.062715
1475 0.075960
1476 0.077589
1477 0.078333
1478 0.075038
1479 0.078567
1480 0.067603
1481 0.061004
1482 0.062428
1483 0.062169
1484 0.059616
1485 0.060791
1486 0.057491
1487 0.057221
1488 0.072653
1489 0.067025
1490 0.064873
1491 0.055982
1492 0.061327
1493 0.066630
1494 0.068419
1495 0.063731
1496 0.069700
1497 0.055399
1498 0.058157
1499 0.057661
1500 0.048117
1501 0.064619
1502 0.067234
1503 0.070370
1504 0.078955
1505 0.074548
1506 0.087618
1507 0.083509
1508 0.076133
1509 0.076889
1510 0.078016
1511 0.070943
1512 0.074175
1513 0.074018
1514 0.075354
1515 0.071579
1516 0.074356
1517 0.075355
1518 0.072810
1519 0.074849
1520 0.070500
1521 0.074656
1522 0.075153
1523 0.072703
1524 0.076429
1525 0.080441
1526 0.076426
1527 0.071158
1528 0.067466
1529 0.060938
1530 0.061062
1531 0.067314
1532 0.068257
1533 0.072124
1534 0.071638
1535 0.071811
1536 0.057167
1537 0.058034
1538 0.058251
1539 0.058228
1540 0.059755
1541 0.057468
1542 0.061588
1543 0.071671
1544 0.071167
1545 0.078619
1546 0.078046
1547 0.072248
1548 0.079105
1549 0.062015
1550 0.067230
1551 0.060813
1552 0.063787
1553 0.063842
1554 0.067078
1555 0.061416
1556 0.063711
1557 0.062209
1558 0.058222
1559 0.055290
1560 0.056555
1561 0.056212
1562 0.057829
1563 0.059140
1564 0.058308
1565 0.057323
1566 0.058084
1567 0.059907
1568 0.061736
1569 0.064345
1570 0.064468
1571 0.067710
1572 0.066222
1573 0.060274
1574 0.063746
1575 0.065449
1576 0.067613
1577 0.078406
1578 0.061750
1579 0.062042
1580 0.061859
1581 0.058340
1582 0.055013
1583 0.058115
1584 0.066180
1585 0.065434
1586 0.064978
1587 0.062190
1588 0.063159
1589 0.056309
1590 0.051747
1591 0.052704
1592 0.056377
1593 0.055008
1594 0.062659
1595 0.057424
1596 0.058841
1597 0.055914
1598 0.054870
1599 0.058486
1600 0.061220
1601 0.066304
1602 0.075042
1603 0.067582
1604 0.068378
1605 0.083580
1606 0.082735
1607 0.079624
1608 0.062719
1609 0.058100
1610 0.062344
1611 0.078440
1612 0.068737
1613 0.061650
1614 0.062346
1615 0.061470
1616 0.052893
1617 0.063809
1618 0.057412
1619 0.051603
1620 0.062474
1621 0.059873
1622 0.060226
1623 0.074365
1624 0.062982
1625 0.062792
1626 0.059763
1627 0.050960
1628 0.058818
1629 0.062160
1630 0.052876
1631 0.059942
1632 0.060282
1633 0.060286
1634 0.059633
1635 0.052384
1636 0.051295
1637 0.051946
1638 0.052141
1639 0.050918
1640 0.051513
1641 0.051426
1642 0.051097
1643 0.051714
1644 0.051208
1645 0.051770
1646 0.051270
1647 0.050919
1648 0.051376
1649 0.051533
1650 0.051364
1651 0.050321
1652 0.050230
1653 0.050861
1654 0.050830
1655 0.050870
1656 0.051041
1657 0.050414
1658 0.050986
1659 0.050471
1660 0.050541
1661 0.051282
1662 0.049711
1663 0.050715
1664 0.049969
1665 0.050427
1666 0.049722
1667 0.049766
1668 0.050551
1669 0.050912
1670 0.050949
1671 0.050308
1672 0.049517
1673 0.049935
1674 0.050873
1675 0.050219
1676 0.049312
1677 0.049367
1678 0.049392
1679 0.051307
1680 0.083169
1681 0.060062
1682 0.063849
1683 0.068209
1684 0.065433
1685 0.064800
1686 0.058199
1687 0.071586
1688 0.064214
1689 0.056961
1690 0.083882
1691 0.086568
1692 0.072689
1693 0.082733
1694 0.066851
1695 0.060896
1696 0.067690
1697 0.067816
1698 0.066402
1699 0.060524
1700 0.060617
1701 0.068405
1702 0.071407
1703 0.073208
1704 0.069213
1705 0.062460
1706 0.067323
1707 0.071611
1708 0.081635
1709 0.083111
1710 0.069166
1711 0.075928
1712 0.074263
1713 0.079533
1714 0.074433
1715 0.072922
1716 0.070952
1717 0.082737
1718 0.079852
1719 0.079613
1720 0.069870
1721 0.079072
1722 0.069633
1723 0.080283
1724 0.073344
1725 0.065531
1726 0.068575
1727 0.066082
1728 0.066181
1729 0.060510
1730 0.062809
1731 0.070261
1732 0.065418
1733 0.062391
1734 0.074092
1735 0.078272
1736 0.071540
1737 0.059011
1738 0.073746
1739 0.076776
1740 0.061890
1741 0.057215
1742 0.056566
1743 0.071159
1744 0.069917
1745 0.060722
1746 0.065656
1747 0.058386
1748 0.058924
1749 0.077311
1750 0.073018
1751 0.072053
1752 0.092852
1753 0.073932
1754 0.071430
1755 0.068431
1756 0.087657
1757 0.071659
1758 0.078844
1759 0.076612
1760 0.072614
1761 0.057937
1762 0.068462
1763 0.066872
1764 0.071343
1765 0.079103
1766 0.068946
1767 0.062476
1768 0.064422
1769 0.065207
1770 0.069228
1771 0.067278
1772 0.063750
1773 0.072907
1774 0.069944
1775 0.076410
1776 0.074742
1777 0.066395
1778 0.083893
1779 0.066764
1780 0.063291
1781 0.068470
1782 0.072566
1783 0.080466
1784 0.071190
1785 0.103865
1786 0.075729
1787 0.066783
1788 0.077818
1789 0.075127
1790 0.079801
1791 0.074019
1792 0.072306
1793 0.066072
1794 0.061545
1795 0.064421
1796 0.077329
1797 0.079539
1798 0.067295
1799 0.068203
1800 0.076336
1801 0.078722
1802 0.072474
1803 0.058691
1804 0.074359
1805 0.078686
1806 0.085471
1807 0.079267
1808 0.076814
1809 0.079947
1810 0.073469
1811 0.087160
1812 0.066711
1813 0.067583
1814 0.064694
1815 0.072527
1816 0.062574
1817 0.060498
1818 0.073028
1819 0.083042
1820 0.079528
1821 0.071357
1822 0.077583
1823 0.088286
1824 0.083456
1825 0.085863
1826 0.080193
1827 0.081607
1828 0.088573
1829 0.079578
1830 0.069655
1831 0.087625
1832 0.085943
1833 0.091791
1834 0.092353
1835 0.092215
1836 0.077740
1837 0.073064
1838 0.077429
1839 0.073936
1840 0.076236
1841 0.068508
1842 0.069106
1843 0.067331
1844 0.065596
1845 0.071117
1846 0.065243
1847 0.073326
1848 0.085713
1849 0.074574
1850 0.068070
1851 0.081151
1852 0.069795
1853 0.085186
1854 0.072215
1855 0.064135
1856 0.061383
1857 0.069346
1858 0.076421
1859 0.073404
1860 0.067301
1861 0.064638
1862 0.063601
1863 0.061560
1864 0.063354
1865 0.071343
1866 0.073086
1867 0.081510
1868 0.074557
1869 0.068584
1870 0.076721
1871 0.065740
1872 0.063300
1873 0.070994
1874 0.070133
1875 0.064613
1876 0.058572
1877 0.072727
1878 0.075813
1879 0.067265
1880 0.074000
1881 0.058592
1882 0.050087
1883 0.046736
1884 0.051800
1885 0.074173
1886 0.068454
1887 0.056732
1888 0.067964
1889 0.070637
1890 0.071844
1891 0.074954
1892 0.064355
1893 0.073175
1894 0.064843
1895 0.065555
1896 0.075919
1897 0.058745
1898 0.060751
1899 0.064396
1900 0.066372
1901 0.066926
1902 0.065802
1903 0.065879
1904 0.066094
1905 0.066289
1906 0.065839
1907 0.065503
1908 0.065452
1909 0.065602
1910 0.065385
1911 0.065297
1912 0.065297
1913 0.065526
1914 0.065441
1915 0.065171
1916 0.065383
1917 0.064845
1918 0.064865
1919 0.064057
1920 0.064507
1921 0.064082
1922 0.064080
1923 0.064459
1924 0.064064
1925 0.064325
1926 0.064398
1927 0.064606
1928 0.064087
1929 0.063631
1930 0.063873
1931 0.063223
1932 0.063498
1933 0.063774
1934 0.062848
1935 0.063581
1936 0.063715
1937 0.063190
1938 0.062476
1939 0.062977
1940 0.062357
1941 0.062293
1942 0.062595
1943 0.062018
1944 0.061679
1945 0.060361
1946 0.061552
1947 0.061565
1948 0.060529
1949 0.060088
1950 0.061419
1951 0.059820
1952 0.059517
1953 0.060136
1954 0.059725
1955 0.061608
1956 0.061781
1957 0.062596
1958 0.061461
1959 0.061836
1960 0.062018
1961 0.061914
1962 0.061435
1963 0.061891
1964 0.061746
1965 0.061392
1966 0.061913
1967 0.061457
1968 0.061699
1969 0.061530
1970 0.061054
1971 0.060780
1972 0.060976
1973 0.061092
1974 0.061445
1975 0.060508
1976 0.061229
1977 0.060704
1978 0.060702
1979 0.060885
1980 0.061195
1981 0.060651
1982 0.060632
1983 0.060080
1984 0.060239
1985 0.060414
1986 0.059993
1987 0.060296
1988 0.060612
1989 0.059909
1990 0.060028
1991 0.059702
1992 0.060269
1993 0.059728
1994 0.059459
1995 0.059443
1996 0.059749
1997 0.059153
1998 0.059386
1999 0.059341
2000 0.059335
2001 0.059281
2002 0.059565
2003 0.058885
2004 0.059570
2005 0.058912
2006 0.059367
2007 0.058792
2008 0.058342
2009 0.058545
2010 0.058726
2011 0.056387
2012 0.077484
2013 0.077159
2014 0.075668
2015 0.076970
2016 0.079693
2017 0.062216
2018 0.066394
2019 0.067648
2020 0.068030
2021 0.069003
2022 0.048967
2023 0.068483
2024 0.069560
2025 0.068515
2026 0.071995
2027 0.073129
2028 0.064532
2029 0.076682
2030 0.064010
2031 0.071408
2032 0.073485
2033 0.078221
2034 0.068990
2035 0.071963
2036 0.074952
2037 0.068074
2038 0.081390
2039 0.080683
2040 0.080389
2041 0.080414
2042 0.080042
2043 0.080435
2044 0.080269
2045 0.080415
2046 0.079911
2047 0.078862
2048 0.079331
2049 0.080030
2050 0.079333
2051 0.079727
2052 0.079105
2053 0.079289
2054 0.078581
2055 0.078868
2056 0.078541
2057 0.078485
2058 0.077997
2059 0.078425
2060 0.078420
2061 0.077939
2062 0.078206
2063 0.078531
2064 0.077540
2065 0.077693
2066 0.077620
2067 0.077585
2068 0.077255
2069 0.077039
2070 0.077169
2071 0.076800
2072 0.076522
2073 0.076196
2074 0.076641
2075 0.076113
2076 0.075735
2077 0.064084
2078 0.055434
2079 0.076456
2080 0.096529
2081 0.072267
2082 0.069436
2083 0.076470
2084 0.119447
2085 0.074940
2086 0.082828
2087 0.068366
2088 0.064846
2089 0.066352
2090 0.065826
2091 0.081017
2092 0.070492
2093 0.057941
2094 0.066154
2095 0.074263
2096 0.061729
2097 0.062953
2098 0.071990
2099 0.069649
2100 0.072649
2101 0.070105
2102 0.060324
2103 0.059452
2104 0.058933
2105 0.058758
2106 0.039772
2107 0.061449
2108 0.050470
2109 0.057860
2110 0.060379
2111 0.068513
2112 0.059816
2113 0.068752
2114 0.081284
2115 0.075915
2116 0.074490
2117 0.080262
2118 0.070971
2119 0.060683
2120 0.064120
2121 0.068583
2122 0.062065
2123 0.062530
2124 0.067720
2125 0.054520
2126 0.053385
2127 0.062993
2128 0.065911
2129 0.059697
2130 0.068608
2131 0.073628
2132 0.076136
2133 0.076965
2134 0.077078
2135 0.074898
2136 0.068445
2137 0.069112
2138 0.071572
2139 0.070105
2140 0.065525
2141 0.069516
2142 0.070801
2143 0.068805
2144 0.064942
2145 0.071047
2146 0.068011
2147 0.069633
2148 0.068018
2149 0.068161
2150 0.064040
2151 0.064653
2152 0.064885
2153 0.064173
2154 0.064775
2155 0.064282
2156 0.064837
2157 0.064684
2158 0.059862
2159 0.064668
2160 0.071369
2161 0.072510
2162 0.076614
2163 0.076026
2164 0.074334
2165 0.072278
2166 0.072078
2167 0.071681
2168 0.072603
2169 0.067491
2170 0.068814
2171 0.069593
2172 0.071180
2173 0.068340
2174 0.078923
2175 0.079286
2176 0.072226
2177 0.060207
2178 0.077233
2179 0.061791
2180 0.069330
2181 0.063169
2182 0.060400
2183 0.062107
2184 0.063995
2185 0.060780
2186 0.059395
2187 0.058259
2188 0.061267
2189 0.063770
2190 0.065431
2191 0.063904
2192 0.067206
2193 0.072565
2194 0.071398
2195 0.074295
2196 0.074733
2197 0.076727
2198 0.078319
2199 0.078305
2200 0.081299
2201 0.076070
2202 0.076208
2203 0.074718
2204 0.070875
2205 0.075880
2206 0.077946
2207 0.078278
2208 0.072947
2209 0.069070
2210 0.070403
2211 0.075964
2212 0.070863
2213 0.070778
2214 0.072829
2215 0.068370
2216 0.053315
2217 0.044179
2218 0.068651
2219 0.064758
2220 0.065083
2221 0.068807
2222 0.071136
2223 0.071218
2224 0.069688
2225 0.068039
2226 0.066515
2227 0.062915
2228 0.073364
2229 0.072620
2230 0.069301
2231 0.069618
2232 0.068055
2233 0.069984
2234 0.069769
2235 0.071144
2236 0.077755
2237 0.086790
2238 0.084317
2239 0.089537
2240 0.098666
2241 0.064466
2242 0.107406
2243 0.093996
2244 0.093887
2245 0.096240
2246 0.093070
2247 0.093981
2248 0.095986
2249 0.097760
2250 0.097003
2251 0.096720
2252 0.096704
2253 0.096790
2254 0.095233
2255 0.096267
2256 0.098980
2257 0.098729
2258 0.099121
2259 0.097350
2260 0.098001
2261 0.098187
2262 0.097269
2263 0.096919
2264 0.097107
2265 0.096661
2266 0.097188
2267 0.095366
2268 0.095860
2269 0.095120
2270 0.093467
2271 0.093406
2272 0.092944
2273 0.093277
2274 0.092966
2275 0.093273
2276 0.093391
2277 0.092973
2278 0.095621
2279 0.095234
2280 0.095360
2281 0.094993
2282 0.094999
2283 0.094351
2284 0.094370
2285 0.094105
2286 0.093321
2287 0.093435
2288 0.091451
2289 0.089611
2290 0.090170
2291 0.091046
2292 0.089811
2293 0.088405
2294 0.089354
2295 0.086875
2296 0.087150
2297 0.086956
2298 0.086049
2299 0.086621
2300 0.086515
2301 0.088189
2302 0.088085
2303 0.087106
2304 0.087791
2305 0.086148
2306 0.085601
2307 0.085405
2308 0.085635
2309 0.085218
2310 0.085093
2311 0.085641
2312 0.084818
2313 0.084372
2314 0.084343
2315 0.084560
2316 0.084099
2317 0.084321
2318 0.084630
2319 0.084715
2320 0.085212
2321 0.084597
2322 0.085828
2323 0.085076
2324 0.085863
2325 0.085767
2326 0.085688
2327 0.086465
2328 0.086889
2329 0.084855
2330 0.083899
2331 0.083972
2332 0.083764
2333 0.082115
2334 0.081864
2335 0.081414
2336 0.082204
2337 0.082372
2338 0.083605
2339 0.082237
2340 0.083647
2341 0.082277
2342 0.082450
2343 0.082414
2344 0.082571
2345 0.081064
2346 0.082551
2347 0.083319
2348 0.084441
2349 0.083832
2350 0.083293
2351 0.083218
2352 0.082153
2353 0.081427
2354 0.079261
2355 0.080011
2356 0.078805
2357 0.078608
2358 0.079268
2359 0.079478
2360 0.078489
2361 0.078428
2362 0.080006
2363 0.078077
2364 0.078241
2365 0.076525
2366 0.077320
2367 0.076673
2368 0.076620
2369 0.076467
2370 0.077115
2371 0.076938
2372 0.076497
2373 0.077567
2374 0.076761
2375 0.078474
2376 0.077057
2377 0.077133
2378 0.077419
2379 0.076856
2380 0.076564
