0 0.077976
1 0.074511
2 0.074284
3 0.074317
4 0.074223
5 0.076877
6 0.074991
7 0.073386
8 0.073594
9 0.073192
10 0.074111
11 0.072821
12 0.073020
13 0.073494
14 0.074159
15 0.069914
16 0.066026
17 0.061263
18 0.058626
19 0.056334
20 0.051305
21 0.052972
22 0.055514
23 0.056923
24 0.063972
25 0.061419
26 0.059712
27 0.060862
28 0.062539
29 0.062764
30 0.062393
31 0.062940
32 0.062900
33 0.063879
34 0.064408
35 0.063889
36 0.064279
37 0.064851
38 0.063720
39 0.059026
40 0.064385
41 0.059603
42 0.067049
43 0.064786
44 0.065207
45 0.064811
46 0.059120
47 0.057172
48 0.056449
49 0.056415
50 0.056365
51 0.056137
52 0.055855
53 0.056572
54 0.056484
55 0.056303
56 0.056313
57 0.056115
58 0.056219
59 0.055910
60 0.056043
61 0.044365
62 0.043625
63 0.054891
64 0.068258
65 0.062180
66 0.059747
67 0.060543
68 0.063525
69 0.063697
70 0.061077
71 0.061201
72 0.057939
73 0.066124
74 0.058121
75 0.071995
76 0.058648
77 0.054808
78 0.053367
79 0.055889
80 0.060091
81 0.057477
82 0.060615
83 0.060023
84 0.059708
85 0.056942
86 0.061179
87 0.060475
88 0.059582
89 0.060646
90 0.059633
91 0.059069
92 0.059161
93 0.059976
94 0.058871
95 0.058871
96 0.058891
97 0.058266
98 0.058859
99 0.058341
100 0.058395
101 0.058563
102 0.058590
103 0.058600
104 0.058083
105 0.058482
106 0.058209
107 0.058920
108 0.057838
109 0.058017
110 0.057502
111 0.057915
112 0.056693
113 0.057779
114 0.057121
115 0.057303
116 0.056511
117 0.058149
118 0.067595
119 0.065071
120 0.070186
121 0.066939
122 0.057745
123 0.057813
124 0.056678
125 0.049408
126 0.056213
127 0.051258
128 0.057507
129 0.051396
130 0.053041
131 0.060873
132 0.058276
133 0.062995
134 0.060737
135 0.062186
136 0.065346
137 0.067098
138 0.062766
139 0.062485
140 0.061115
141 0.064092
142 0.066849
143 0.070906
144 0.071481
145 0.070173
146 0.071861
147 0.071501
148 0.059661
149 0.055203
150 0.060799
151 0.059104
152 0.063099
153 0.065856
154 0.057908
155 0.061926
156 0.057985
157 0.063344
158 0.060025
159 0.063792
160 0.060285
161 0.060524
162 0.059025
163 0.057916
164 0.049174
165 0.052965
166 0.053426
167 0.060736
168 0.057296
169 0.055195
170 0.053155
171 0.060531
172 0.052757
173 0.051621
174 0.052036
175 0.058413
176 0.063409
177 0.054858
178 0.063666
179 0.058930
180 0.055229
181 0.052002
182 0.052864
183 0.056339
184 0.050793
185 0.050009
186 0.055052
187 0.057292
188 0.058515
189 0.058097
190 0.061428
191 0.059136
192 0.055565
193 0.048778
194 0.052997
195 0.052430
196 0.052487
197 0.052410
198 0.052447
199 0.052566
200 0.051913
201 0.046988
202 0.052421
203 0.056632
204 0.052637
205 0.055520
206 0.047351
207 0.046806
208 0.047839
209 0.051503
210 0.058416
211 0.059893
212 0.060221
213 0.056874
214 0.059285
215 0.051800
216 0.053105
217 0.063071
218 0.053197
219 0.050526
220 0.048449
221 0.045756
222 0.060528
223 0.056505
224 0.056137
225 0.055102
226 0.057194
227 0.056811
228 0.058466
229 0.064998
230 0.066473
231 0.061230
232 0.068215
233 0.065761
234 0.062262
235 0.054215
236 0.061780
237 0.062236
238 0.055505
239 0.061134
240 0.063712
241 0.063961
242 0.060032
243 0.059935
244 0.059352
245 0.065713
246 0.053351
247 0.061052
248 0.061854
249 0.064038
250 0.064910
251 0.063816
252 0.062548
253 0.062819
254 0.058414
255 0.060778
256 0.063801
257 0.067228
258 0.066567
259 0.060814
260 0.069260
261 0.050611
262 0.058273
263 0.058110
264 0.052520
265 0.069794
266 0.068318
267 0.072289
268 0.067635
269 0.062134
270 0.061465
271 0.068089
272 0.061872
273 0.066555
274 0.060386
275 0.064132
276 0.077108
277 0.067820
278 0.062999
279 0.069358
280 0.066106
281 0.059108
282 0.068430
283 0.063600
284 0.062327
285 0.064972
286 0.067131
287 0.067241
288 0.065208
289 0.059709
290 0.070177
291 0.063775
292 0.054197
293 0.064749
294 0.057579
295 0.056374
296 0.054620
297 0.048046
298 0.060485
299 0.052335
300 0.050738
301 0.054227
302 0.051497
303 0.059461
304 0.058987
305 0.053837
306 0.056020
307 0.059651
308 0.061811
309 0.061779
310 0.056563
311 0.057712
312 0.057344
313 0.058574
314 0.062866
315 0.060565
316 0.061637
317 0.058051
318 0.067741
319 0.067228
320 0.067680
321 0.059803
322 0.057228
323 0.062607
324 0.066754
325 0.065383
326 0.066592
327 0.067241
328 0.065431
329 0.062529
330 0.061168
331 0.052340
332 0.059284
333 0.050700
334 0.053653
335 0.053107
336 0.065360
337 0.052407
338 0.052263
339 0.051766
340 0.055579
341 0.056642
342 0.055904
343 0.064076
344 0.063948
345 0.065655
346 0.059858
347 0.064451
348 0.078632
349 0.061705
350 0.058310
351 0.055847
352 0.053108
353 0.049220
354 0.058558
355 0.054179
356 0.055869
357 0.057389
358 0.055497
359 0.052396
360 0.055846
361 0.056193
362 0.061331
363 0.059918
364 0.054173
365 0.054299
366 0.050983
367 0.053320
368 0.058049
369 0.061805
370 0.055975
371 0.056968
372 0.060998
373 0.058544
374 0.057752
375 0.058108
376 0.060720
377 0.069324
378 0.051592
379 0.057177
380 0.055366
381 0.049150
382 0.059807
383 0.057149
384 0.055310
385 0.060707
386 0.062183
387 0.064284
388 0.067862
389 0.062296
390 0.056253
391 0.052153
392 0.056716
393 0.053408
394 0.048432
395 0.046728
396 0.047937
397 0.055795
398 0.060701
399 0.063769
400 0.075798
401 0.072501
402 0.059449
403 0.062644
404 0.060532
405 0.050564
406 0.057565
407 0.059284
408 0.050111
409 0.053602
410 0.042854
411 0.059610
412 0.060196
413 0.051950
414 0.047300
415 0.048065
416 0.049613
417 0.049896
418 0.064777
419 0.036567
420 0.053550
421 0.048040
422 0.053406
423 0.055620
424 0.054803
425 0.063944
426 0.069344
427 0.068619
428 0.068924
429 0.056472
430 0.061813
431 0.050670
432 0.060475
433 0.062078
434 0.057459
435 0.059914
436 0.058585
437 0.057939
438 0.058405
439 0.053599
440 0.051912
441 0.049723
442 0.057394
443 0.054836
444 0.063638
445 0.056391
446 0.068320
447 0.048221
448 0.048464
449 0.043703
450 0.058335
451 0.056588
452 0.070216
453 0.070630
454 0.062664
455 0.066803
456 0.067484
457 0.078204
458 0.064681
459 0.063064
460 0.075481
461 0.065943
462 0.066695
463 0.068868
464 0.071240
465 0.071172
466 0.073372
467 0.081195
468 0.076650
469 0.070310
470 0.069168
471 0.067562
472 0.072822
473 0.072966
474 0.074518
475 0.073644
476 0.076085
477 0.072299
478 0.072423
479 0.071271
480 0.063507
481 0.064197
482 0.074274
483 0.071084
484 0.068823
485 0.067780
486 0.073471
487 0.075765
488 0.076774
489 0.075080
490 0.075032
491 0.075769
492 0.073842
493 0.069120
494 0.066020
495 0.069091
496 0.052182
497 0.062994
498 0.056279
499 0.050482
500 0.048589
501 0.057410
502 0.061868
503 0.058729
504 0.051625
505 0.060251
506 0.057224
507 0.062483
508 0.053354
509 0.058468
510 0.052271
511 0.052315
512 0.059729
513 0.054656
514 0.067026
515 0.067456
516 0.066905
517 0.065479
518 0.063179
519 0.055345
520 0.057473
521 0.058187
522 0.052894
523 0.053970
524 0.068687
525 0.069574
526 0.066425
527 0.066777
528 0.060118
529 0.061859
530 0.060445
531 0.060642
532 0.060179
533 0.064546
534 0.067110
535 0.072804
536 0.071209
537 0.068595
538 0.066098
539 0.064299
540 0.073411
541 0.068181
542 0.077350
543 0.075647
544 0.070647
545 0.084439
546 0.073714
547 0.067536
548 0.062512
549 0.057153
550 0.065538
551 0.051849
552 0.060754
553 0.057831
554 0.062068
555 0.059226
556 0.059490
557 0.060025
558 0.068161
559 0.068357
560 0.065417
561 0.067629
562 0.063242
563 0.057311
564 0.060041
565 0.071087
566 0.059249
567 0.055965
568 0.051196
569 0.052897
570 0.053965
571 0.060136
572 0.052554
573 0.064105
574 0.064557
575 0.036947
576 0.039292
577 0.036446
578 0.036522
579 0.036465
580 0.039038
581 0.068036
582 0.055627
583 0.063157
584 0.065878
585 0.063846
586 0.068028
587 0.071910
588 0.074047
589 0.060241
590 0.060452
591 0.048203
592 0.058818
593 0.062067
594 0.071872
595 0.073123
596 0.057574
597 0.074819
598 0.070961
599 0.071240
600 0.039725
601 0.073238
602 0.065247
603 0.064622
604 0.067938
605 0.065850
606 0.065061
607 0.069340
608 0.073886
609 0.070339
610 0.065598
611 0.058724
612 0.055055
613 0.066431
614 0.073717
615 0.066749
616 0.064083
617 0.063670
618 0.064206
619 0.068996
620 0.058654
621 0.057590
622 0.052502
623 0.052072
624 0.058980
625 0.054602
626 0.062608
627 0.054934
628 0.058838
629 0.055368
630 0.050664
631 0.047616
632 0.057700
633 0.063712
634 0.046173
635 0.054679
636 0.058195
637 0.052885
638 0.048809
639 0.063895
640 0.058675
641 0.046653
642 0.062970
643 0.048066
644 0.045205
645 0.055398
646 0.057667
647 0.057841
648 0.051305
649 0.043616
650 0.042318
651 0.056722
652 0.062134
653 0.070264
654 0.072707
655 0.072186
656 0.071751
657 0.057379
658 0.055561
659 0.065450
660 0.061609
661 0.061921
662 0.060006
663 0.063870
664 0.055322
665 0.060201
666 0.060033
667 0.061236
668 0.058692
669 0.063215
670 0.059035
671 0.057380
672 0.060923
673 0.062523
674 0.069384
675 0.074600
676 0.070578
677 0.075318
678 0.058960
679 0.066903
680 0.051439
681 0.061692
682 0.070463
683 0.065429
684 0.053541
685 0.066037
686 0.065151
687 0.066971
688 0.062236
689 0.070580
690 0.065799
691 0.064977
692 0.069159
693 0.067730
694 0.069707
695 0.067365
696 0.060330
697 0.059085
698 0.058117
699 0.063412
700 0.073391
701 0.063644
702 0.061483
703 0.066161
704 0.049375
705 0.061692
706 0.069290
707 0.071517
708 0.069273
709 0.063555
710 0.067042
711 0.064871
712 0.056056
713 0.060332
714 0.062142
715 0.070424
716 0.081381
717 0.071011
718 0.050539
719 0.059428
720 0.060884
721 0.061057
722 0.058763
723 0.063480
724 0.051372
725 0.058938
726 0.060880
727 0.058553
728 0.056805
729 0.049211
730 0.059615
731 0.057389
732 0.077569
733 0.068580
734 0.074530
735 0.063516
736 0.064794
737 0.063053
738 0.062503
739 0.070509
740 0.081069
741 0.075836
742 0.057879
743 0.061064
744 0.059020
745 0.065797
746 0.069438
747 0.074553
748 0.052784
749 0.059047
750 0.056007
751 0.060060
752 0.049105
753 0.048066
754 0.055053
755 0.047564
756 0.046964
757 0.053420
758 0.057029
759 0.045583
760 0.049282
761 0.056318
762 0.057225
763 0.062935
764 0.070028
765 0.070382
766 0.070449
767 0.069637
768 0.069316
769 0.051144
770 0.064082
771 0.064308
772 0.052525
773 0.049853
774 0.055232
775 0.061970
776 0.058221
777 0.056398
778 0.054486
779 0.053774
780 0.059098
781 0.057117
782 0.052040
783 0.055996
784 0.053612
785 0.062487
786 0.063246
787 0.063374
788 0.061718
789 0.064356
790 0.060284
791 0.057791
792 0.064472
793 0.064344
794 0.059145
795 0.060085
796 0.060536
797 0.060350
798 0.063266
799 0.065938
800 0.070313
801 0.063987
802 0.063931
803 0.056939
804 0.062573
805 0.073835
806 0.069081
807 0.067513
808 0.059681
809 0.065026
810 0.076134
811 0.061490
812 0.062219
813 0.061826
814 0.061284
815 0.063972
816 0.063810
817 0.062852
818 0.063757
819 0.063712
820 0.067140
821 0.069019
822 0.063958
823 0.066993
824 0.060420
825 0.061289
826 0.060912
827 0.071237
828 0.069974
829 0.057661
830 0.060046
831 0.057889
832 0.065062
833 0.063678
834 0.052719
835 0.052515
836 0.055503
837 0.057659
838 0.054680
839 0.058504
840 0.052154
841 0.065669
842 0.052037
843 0.067242
844 0.049073
845 0.072740
846 0.073778
847 0.071617
848 0.072461
849 0.058181
850 0.059837
851 0.061659
852 0.055275
853 0.057552
854 0.068047
855 0.059453
856 0.057922
857 0.070421
858 0.064018
859 0.057428
860 0.071378
861 0.070871
862 0.065577
863 0.051409
864 0.066835
865 0.058196
866 0.057184
867 0.055289
868 0.059969
869 0.055221
870 0.066758
871 0.052290
872 0.056063
873 0.059134
874 0.060693
875 0.053609
876 0.059831
877 0.062167
878 0.057970
879 0.062120
880 0.061097
881 0.056266
882 0.066393
883 0.054889
884 0.054138
885 0.068095
886 0.062636
887 0.054559
888 0.052827
889 0.057862
890 0.057321
891 0.053637
892 0.057851
893 0.054782
894 0.061395
895 0.052729
896 0.055273
897 0.058242
898 0.069936
899 0.059513
900 0.059826
901 0.071112
902 0.057967
903 0.060155
904 0.054405
905 0.056240
906 0.070432
907 0.057942
908 0.057309
909 0.058712
910 0.066970
911 0.055107
912 0.061752
913 0.062176
914 0.059052
915 0.059951
916 0.053975
917 0.053360
918 0.054671
919 0.057890
920 0.058906
921 0.051109
922 0.057023
923 0.055176
924 0.055376
925 0.060144
926 0.059592
927 0.054436
928 0.056207
929 0.054853
930 0.059729
931 0.057630
932 0.061526
933 0.056467
934 0.051540
935 0.055154
936 0.051569
937 0.054201
938 0.056267
939 0.057808
940 0.060047
941 0.057111
942 0.060728
943 0.053695
944 0.055049
945 0.057686
946 0.056412
947 0.060687
948 0.054660
949 0.054940
950 0.063510
951 0.058463
952 0.051432
953 0.059599
954 0.057309
955 0.055340
956 0.057896
957 0.057830
958 0.059112
959 0.061353
960 0.060464
961 0.055776
962 0.058385
963 0.061244
964 0.061374
965 0.056911
966 0.061955
967 0.056870
968 0.056757
969 0.056146
970 0.060741
971 0.050418
972 0.062565
973 0.062692
974 0.053367
975 0.059491
976 0.065856
977 0.055981
978 0.052424
979 0.052060
980 0.059201
981 0.053543
982 0.056824
983 0.054437
984 0.060753
985 0.054985
986 0.056536
987 0.059389
988 0.060957
989 0.058110
990 0.063978
991 0.058908
992 0.065092
993 0.055356
994 0.054660
995 0.057456
996 0.062442
997 0.056028
998 0.066893
999 0.061275
1000 0.053648
1001 0.051489
1002 0.054159
1003 0.056196
1004 0.058889
1005 0.060753
1006 0.059528
1007 0.060115
1008 0.065856
1009 0.056646
1010 0.052616
1011 0.054832
1012 0.056264
1013 0.053957
1014 0.057305
1015 0.056616
1016 0.065079
1017 0.060888
1018 0.059423
1019 0.056166
1020 0.054736
1021 0.053709
1022 0.059911
1023 0.057989
1024 0.062278
1025 0.055724
1026 0.054064
1027 0.059309
1028 0.061352
1029 0.061203
1030 0.057147
1031 0.057986
1032 0.059509
1033 0.055581
1034 0.053511
1035 0.057520
1036 0.061278
1037 0.056734
1038 0.059523
1039 0.054494
1040 0.057280
1041 0.059381
1042 0.056648
1043 0.050876
1044 0.056363
1045 0.059939
1046 0.054778
1047 0.057322
1048 0.055153
1049 0.059252
1050 0.054462
1051 0.058235
1052 0.057915
1053 0.057246
1054 0.056250
1055 0.057428
1056 0.058151
1057 0.052730
1058 0.073583
1059 0.069695
1060 0.067395
1061 0.076444
1062 0.063207
1063 0.045690
1064 0.059907
1065 0.060489
1066 0.059117
1067 0.048366
1068 0.058859
1069 0.058300
1070 0.060553
1071 0.054451
1072 0.044146
1073 0.045006
1074 0.060310
1075 0.041928
1076 0.045426
1077 0.052454
1078 0.056771
1079 0.051653
1080 0.046936
1081 0.042954
1082 0.049156
1083 0.047102
1084 0.049338
1085 0.048078
1086 0.042602
1087 0.047462
1088 0.041550
1089 0.052765
1090 0.054747
1091 0.052364
1092 0.051134
1093 0.061790
1094 0.057736
1095 0.055174
1096 0.050410
1097 0.062763
1098 0.053815
1099 0.042889
1100 0.039271
1101 0.050265
1102 0.039590
1103 0.057644
1104 0.050715
1105 0.048900
1106 0.043326
1107 0.063295
1108 0.070868
1109 0.063040
1110 0.067750
1111 0.056053
1112 0.060291
1113 0.068451
1114 0.062863
1115 0.062563
1116 0.061040
1117 0.063658
1118 0.058812
1119 0.058125
1120 0.065328
1121 0.060926
1122 0.064715
1123 0.058582
1124 0.067159
1125 0.062050
1126 0.066596
1127 0.049280
1128 0.053453
1129 0.058752
1130 0.060811
1131 0.064348
1132 0.058951
1133 0.061083
1134 0.057521
1135 0.059729
1136 0.062772
1137 0.057107
1138 0.062708
1139 0.062659
1140 0.063872
1141 0.061100
1142 0.051461
1143 0.056316
1144 0.061657
1145 0.063242
1146 0.061913
1147 0.061408
1148 0.054918
1149 0.066657
1150 0.068515
1151 0.067803
1152 0.058752
1153 0.059408
1154 0.064835
1155 0.055109
1156 0.054622
1157 0.062780
1158 0.057527
1159 0.062239
1160 0.065003
1161 0.061841
1162 0.060184
1163 0.057870
1164 0.058847
1165 0.060428
1166 0.066356
1167 0.059981
1168 0.061554
1169 0.061112
1170 0.065373
1171 0.064092
1172 0.064243
1173 0.059966
1174 0.058928
1175 0.062011
1176 0.060804
1177 0.062910
1178 0.059610
1179 0.053476
1180 0.043844
1181 0.067653
1182 0.063086
1183 0.069674
1184 0.074522
1185 0.071436
1186 0.060078
1187 0.059523
1188 0.056603
1189 0.061487
1190 0.052331
1191 0.055848
1192 0.037603
1193 0.054050
1194 0.063437
1195 0.064608
1196 0.068590
1197 0.059156
1198 0.062825
1199 0.058133
1200 0.060356
1201 0.044721
1202 0.063668
1203 0.060848
1204 0.054273
1205 0.059654
1206 0.058077
1207 0.060586
1208 0.059829
1209 0.062503
1210 0.061044
1211 0.061455
1212 0.063610
1213 0.058565
1214 0.058897
1215 0.065132
1216 0.057909
1217 0.061228
1218 0.063603
1219 0.068393
1220 0.063172
1221 0.065280
1222 0.063397
1223 0.062263
1224 0.064522
1225 0.061789
1226 0.052478
1227 0.063177
1228 0.057475
1229 0.058963
1230 0.063939
1231 0.062235
1232 0.070086
1233 0.060068
1234 0.062679
1235 0.065815
1236 0.064176
1237 0.046755
1238 0.049336
1239 0.068074
1240 0.060622
1241 0.058245
1242 0.061945
1243 0.060113
1244 0.064155
1245 0.070312
1246 0.063081
1247 0.066663
1248 0.064679
1249 0.066182
1250 0.065577
1251 0.064448
1252 0.067735
1253 0.064881
1254 0.065644
1255 0.062643
1256 0.061188
1257 0.065562
1258 0.068485
1259 0.071065
1260 0.065180
1261 0.064276
1262 0.067466
1263 0.058619
1264 0.069450
1265 0.069917
1266 0.064014
1267 0.065021
1268 0.066919
1269 0.062469
1270 0.063686
1271 0.067194
1272 0.063022
1273 0.065281
1274 0.057667
1275 0.066290
1276 0.063839
1277 0.061601
1278 0.068075
1279 0.067976
1280 0.066363
1281 0.047415
1282 0.067237
1283 0.064803
1284 0.068513
1285 0.064807
1286 0.062651
1287 0.066252
1288 0.064081
1289 0.064444
1290 0.064204
1291 0.063652
1292 0.062636
1293 0.065194
1294 0.067155
1295 0.064342
1296 0.064268
1297 0.059580
1298 0.062784
1299 0.064694
1300 0.059213
1301 0.061972
1302 0.061084
1303 0.062049
1304 0.061168
1305 0.066813
1306 0.061369
1307 0.061348
1308 0.064624
1309 0.064382
1310 0.070175
1311 0.066128
1312 0.067723
1313 0.067828
1314 0.066559
1315 0.060709
1316 0.065731
1317 0.068605
1318 0.064992
1319 0.062366
1320 0.061668
1321 0.061645
1322 0.064824
1323 0.072907
1324 0.071309
1325 0.070455
1326 0.065209
1327 0.071894
1328 0.059625
1329 0.063314
1330 0.065686
1331 0.062751
1332 0.063351
1333 0.057044
1334 0.051845
1335 0.057539
1336 0.065871
1337 0.060494
1338 0.062434
1339 0.066905
1340 0.068771
1341 0.065779
1342 0.056170
1343 0.071760
1344 0.063163
1345 0.069308
1346 0.070062
1347 0.072174
1348 0.069127
1349 0.067731
1350 0.066675
1351 0.066518
1352 0.062226
1353 0.061667
1354 0.061721
1355 0.067078
1356 0.064561
1357 0.063642
1358 0.067718
1359 0.063137
1360 0.062029
1361 0.064479
1362 0.064567
1363 0.064173
1364 0.064230
1365 0.064351
1366 0.064124
1367 0.063820
1368 0.062516
1369 0.065646
1370 0.065520
1371 0.065369
1372 0.065170
1373 0.064621
1374 0.064775
1375 0.064700
1376 0.064950
1377 0.064729
1378 0.064480
1379 0.064599
1380 0.064915
1381 0.064230
1382 0.063902
1383 0.063926
1384 0.063912
1385 0.063789
1386 0.063635
1387 0.063689
1388 0.063439
1389 0.063692
1390 0.063341
1391 0.063790
1392 0.063557
1393 0.063098
1394 0.063305
1395 0.063382
1396 0.063281
1397 0.063012
1398 0.062824
1399 0.063261
1400 0.063100
1401 0.062912
1402 0.062668
1403 0.062444
1404 0.062329
1405 0.062822
1406 0.061578
1407 0.063360
1408 0.065726
1409 0.066139
1410 0.069080
1411 0.068375
1412 0.063339
1413 0.066243
1414 0.062625
1415 0.058744
1416 0.060857
1417 0.066667
1418 0.064776
1419 0.065887
1420 0.066572
1421 0.066114
1422 0.072045
1423 0.066536
1424 0.068217
1425 0.066106
1426 0.066704
1427 0.064844
1428 0.063722
1429 0.064522
1430 0.068536
1431 0.073344
1432 0.069103
1433 0.061028
1434 0.064755
1435 0.068588
1436 0.070696
1437 0.068364
1438 0.064240
1439 0.061597
1440 0.070432
1441 0.047329
1442 0.055305
1443 0.065747
1444 0.070958
1445 0.066983
1446 0.058107
1447 0.069425
1448 0.062683
1449 0.061525
1450 0.067082
1451 0.069250
1452 0.070733
1453 0.064000
1454 0.061449
1455 0.063387
1456 0.063034
1457 0.071749
1458 0.064934
1459 0.067372
1460 0.068415
1461 0.066668
1462 0.070682
1463 0.067633
1464 0.064886
1465 0.067066
1466 0.069492
1467 0.066727
1468 0.070139
1469 0.064010
1470 0.065970
1471 0.069809
1472 0.066074
1473 0.067041
1474 0.070590
1475 0.064667
1476 0.060409
1477 0.062782
1478 0.065685
1479 0.068260
1480 0.066808
1481 0.069683
1482 0.066277
1483 0.061448
1484 0.060471
1485 0.060635
1486 0.052150
1487 0.063859
1488 0.058311
1489 0.059057
1490 0.075875
1491 0.070184
1492 0.064394
1493 0.063955
1494 0.066469
1495 0.061830
1496 0.069860
1497 0.070498
1498 0.064289
1499 0.068468
1500 0.071559
1501 0.065221
1502 0.065546
1503 0.063290
1504 0.065175
1505 0.061804
1506 0.059548
1507 0.061503
1508 0.059424
1509 0.063212
1510 0.061628
1511 0.066226
1512 0.065816
1513 0.068480
1514 0.062737
1515 0.060840
1516 0.061209
1517 0.062448
1518 0.047975
1519 0.057219
1520 0.053559
1521 0.063333
1522 0.060640
1523 0.060909
1524 0.060578
1525 0.060757
1526 0.061110
1527 0.061053
1528 0.061444
1529 0.060862
1530 0.060169
1531 0.060538
1532 0.060652
1533 0.060721
1534 0.060581
1535 0.060416
1536 0.060161
1537 0.060022
1538 0.060132
1539 0.059923
1540 0.060390
1541 0.055545
1542 0.057661
1543 0.046279
1544 0.047675
1545 0.050784
1546 0.062873
1547 0.058021
1548 0.074754
1549 0.060630
1550 0.048198
1551 0.039175
1552 0.057452
1553 0.064156
1554 0.045197
1555 0.062746
1556 0.055500
1557 0.066793
1558 0.056987
1559 0.049759
1560 0.058896
1561 0.056775
1562 0.058146
1563 0.061243
1564 0.062335
1565 0.059473
1566 0.059675
1567 0.060001
1568 0.059795
1569 0.059716
1570 0.059293
1571 0.059369
1572 0.059573
1573 0.059742
1574 0.059574
1575 0.059424
1576 0.059116
1577 0.058759
1578 0.059147
1579 0.058713
1580 0.058918
1581 0.058984
1582 0.058706
1583 0.058772
1584 0.058472
1585 0.058473
1586 0.058731
1587 0.058729
1588 0.058375
1589 0.058193
1590 0.058028
1591 0.058158
1592 0.058319
1593 0.058347
1594 0.058342
1595 0.057977
1596 0.057727
1597 0.057568
1598 0.057713
1599 0.057542
1600 0.057764
1601 0.057826
1602 0.057314
1603 0.057418
1604 0.057418
1605 0.056967
1606 0.057394
1607 0.057117
1608 0.057321
1609 0.057254
1610 0.057351
1611 0.056629
1612 0.056957
1613 0.056884
1614 0.056577
1615 0.056678
1616 0.056342
1617 0.056328
1618 0.056291
1619 0.056298
1620 0.056189
1621 0.056093
1622 0.056041
1623 0.055944
1624 0.055939
1625 0.056079
1626 0.055795
1627 0.055576
1628 0.055832
1629 0.055500
1630 0.055755
1631 0.055765
1632 0.055614
1633 0.055146
1634 0.055104
1635 0.055768
1636 0.055650
1637 0.066942
1638 0.071716
1639 0.069452
1640 0.069944
1641 0.071079
1642 0.071226
1643 0.074715
1644 0.069871
1645 0.063560
1646 0.064506
1647 0.069708
1648 0.069523
1649 0.069348
1650 0.072064
1651 0.071651
1652 0.069857
1653 0.069892
1654 0.068185
1655 0.066088
1656 0.066711
1657 0.070052
1658 0.069055
1659 0.065482
1660 0.066779
1661 0.067085
1662 0.063905
1663 0.063108
1664 0.064882
1665 0.068523
1666 0.070979
1667 0.068631
1668 0.065572
1669 0.063177
1670 0.063841
1671 0.064804
1672 0.061647
1673 0.059271
1674 0.059397
1675 0.063246
1676 0.060976
1677 0.061381
1678 0.060977
1679 0.062097
1680 0.058958
1681 0.062063
1682 0.060710
1683 0.061027
1684 0.059653
1685 0.059825
1686 0.058169
1687 0.057680
1688 0.060442
1689 0.059971
1690 0.060052
1691 0.061487
1692 0.061570
1693 0.071534
1694 0.074468
1695 0.064022
1696 0.068584
1697 0.069611
1698 0.079699
1699 0.079186
1700 0.078540
1701 0.077964
1702 0.078063
1703 0.078138
1704 0.078564
1705 0.085031
1706 0.093699
1707 0.072808
1708 0.082480
1709 0.084776
1710 0.084507
1711 0.084177
1712 0.084137
1713 0.082627
1714 0.087740
1715 0.079392
1716 0.078888
1717 0.079322
1718 0.078653
1719 0.078804
1720 0.078997
1721 0.078484
1722 0.078868
1723 0.089168
1724 0.093013
1725 0.079574
1726 0.075216
1727 0.078388
1728 0.075888
1729 0.076482
1730 0.077779
1731 0.077763
1732 0.078862
1733 0.077372
1734 0.077916
1735 0.078410
1736 0.078002
1737 0.077596
1738 0.078181
1739 0.076650
1740 0.076530
1741 0.077115
1742 0.076877
1743 0.076890
1744 0.076459
1745 0.075987
1746 0.076371
1747 0.075836
1748 0.076070
1749 0.075919
1750 0.075646
1751 0.075482
1752 0.075659
1753 0.075369
1754 0.075239
1755 0.075179
1756 0.075225
1757 0.074692
1758 0.074810
1759 0.074719
1760 0.074495
1761 0.074601
1762 0.074579
1763 0.092061
1764 0.087866
1765 0.074989
1766 0.074579
1767 0.074284
1768 0.074411
1769 0.074071
