0 0.067961
1 0.065598
2 0.066379
3 0.056567
4 0.057272
5 0.055817
6 0.054517
7 0.054291
8 0.060318
9 0.056285
10 0.059354
11 0.056493
12 0.055707
13 0.057819
14 0.054859
15 0.058169
16 0.075511
17 0.070416
18 0.062760
19 0.061056
20 0.063596
21 0.059395
22 0.060544
23 0.062879
24 0.062962
25 0.060940
26 0.058975
27 0.059244
28 0.061651
29 0.061794
30 0.065295
31 0.066331
32 0.066571
33 0.055266
34 0.061622
35 0.053945
36 0.054316
37 0.054152
38 0.053804
39 0.051225
40 0.048059
41 0.049266
42 0.049020
43 0.048553
44 0.048722
45 0.048858
46 0.048697
47 0.040961
48 0.051850
49 0.055910
50 0.055638
51 0.059080
52 0.060702
53 0.055304
54 0.055308
55 0.051162
56 0.055551
57 0.057411
58 0.052797
59 0.054067
60 0.056984
61 0.059913
62 0.058392
63 0.057928
64 0.063379
65 0.056447
66 0.056162
67 0.054993
68 0.059419
69 0.054365
70 0.058098
71 0.058950
72 0.057569
73 0.055701
74 0.051500
75 0.053902
76 0.053301
77 0.054760
78 0.052648
79 0.051248
80 0.053539
81 0.051136
82 0.055482
83 0.051673
84 0.051598
85 0.051762
86 0.053201
87 0.056997
88 0.055994
89 0.053819
90 0.059151
91 0.057961
92 0.057159
93 0.060299
94 0.061704
95 0.058253
96 0.053485
97 0.054971
98 0.051092
99 0.051790
100 0.052776
101 0.052713
102 0.058013
103 0.058827
104 0.056469
105 0.054827
106 0.048314
107 0.052025
108 0.055930
109 0.055637
110 0.056055
111 0.055829
112 0.055709
113 0.054693
114 0.053826
115 0.055577
116 0.055363
117 0.055366
118 0.055695
119 0.055421
120 0.055126
121 0.055566
122 0.055307
123 0.054973
124 0.054131
125 0.054995
126 0.054866
127 0.054771
128 0.053063
129 0.054912
130 0.054924
131 0.054822
132 0.054771
133 0.054187
134 0.054120
135 0.053803
136 0.054298
137 0.050879
138 0.053813
139 0.053818
140 0.052279
141 0.056352
142 0.056593
143 0.061524
144 0.055988
145 0.059029
146 0.062029
147 0.053701
148 0.045798
149 0.049613
150 0.054116
151 0.054266
152 0.050979
153 0.053425
154 0.049357
155 0.053197
156 0.053615
157 0.059355
158 0.046086
159 0.056334
160 0.051024
161 0.055336
162 0.058422
163 0.054591
164 0.050536
165 0.051438
166 0.048746
167 0.051052
168 0.051621
169 0.052863
170 0.051967
171 0.051994
172 0.059438
173 0.054330
174 0.053223
175 0.050567
176 0.052551
177 0.055341
178 0.051068
179 0.056783
180 0.059231
181 0.059915
182 0.054068
183 0.053039
184 0.057787
185 0.049910
186 0.065260
187 0.058270
188 0.061313
189 0.053519
190 0.058578
191 0.059225
192 0.061777
193 0.068813
194 0.065996
195 0.053708
196 0.058238
197 0.063961
198 0.060020
199 0.061795
200 0.064510
201 0.049135
202 0.052758
203 0.055607
204 0.064662
205 0.064919
206 0.059879
207 0.053016
208 0.053864
209 0.065511
210 0.055795
211 0.051494
212 0.059649
213 0.047649
214 0.056464
215 0.049183
216 0.049288
217 0.049148
218 0.054720
219 0.054369
220 0.056703
221 0.050958
222 0.055486
223 0.063746
224 0.063724
225 0.055517
226 0.063594
227 0.060959
228 0.064171
229 0.064528
230 0.059520
231 0.059172
232 0.055259
233 0.051185
234 0.059648
235 0.043182
236 0.035033
237 0.035917
238 0.040451
239 0.037676
240 0.037910
241 0.042530
242 0.042297
243 0.049144
244 0.048708
245 0.060575
246 0.058991
247 0.056790
248 0.057134
249 0.062129
250 0.058617
251 0.049952
252 0.061535
253 0.056989
254 0.052723
255 0.049981
256 0.049297
257 0.045790
258 0.043700
259 0.047737
260 0.046401
261 0.046552
262 0.054392
263 0.049415
264 0.048621
265 0.045118
266 0.034834
267 0.039711
268 0.046516
269 0.045839
270 0.033852
271 0.037192
272 0.039327
273 0.037987
274 0.036314
275 0.037789
276 0.040219
277 0.036929
278 0.041045
279 0.045689
280 0.043243
281 0.042478
282 0.042537
283 0.038855
284 0.035852
285 0.041895
286 0.042963
287 0.039787
288 0.039314
289 0.040576
290 0.041890
291 0.037014
292 0.040405
293 0.041737
294 0.039434
295 0.043145
296 0.036143
297 0.038841
298 0.041362
299 0.046167
300 0.048713
301 0.042381
302 0.042613
303 0.039421
304 0.043569
305 0.043875
306 0.039526
307 0.039608
308 0.038984
309 0.040682
310 0.046919
311 0.047019
312 0.047195
313 0.049375
314 0.052571
315 0.048382
316 0.041798
317 0.038645
318 0.040148
319 0.035572
320 0.042658
321 0.044138
322 0.042782
323 0.047475
324 0.045961
325 0.056078
326 0.051431
327 0.047753
328 0.048561
329 0.053769
330 0.047851
331 0.052227
332 0.050120
333 0.049451
334 0.049389
335 0.045066
336 0.048171
337 0.044432
338 0.057579
339 0.051177
340 0.054466
341 0.053980
342 0.050805
343 0.050085
344 0.046399
345 0.047576
346 0.050877
347 0.050342
348 0.048423
349 0.048796
350 0.042037
351 0.047079
352 0.050668
353 0.055650
354 0.051718
355 0.049857
356 0.051709
357 0.048554
358 0.050581
359 0.048625
360 0.051558
361 0.053413
362 0.049897
363 0.048621
364 0.046387
365 0.050936
366 0.050066
367 0.054565
368 0.055970
369 0.045962
370 0.048466
371 0.052910
372 0.052612
373 0.049877
374 0.047716
375 0.052484
376 0.053920
377 0.050237
378 0.051632
379 0.051300
380 0.052976
381 0.052458
382 0.052927
383 0.054721
384 0.048913
385 0.052251
386 0.047275
387 0.050107
388 0.054220
389 0.049954
390 0.045123
391 0.055266
392 0.050911
393 0.048266
394 0.047302
395 0.048210
396 0.051601
397 0.048108
398 0.052670
399 0.051268
400 0.056609
401 0.045786
402 0.049849
403 0.048518
404 0.052021
405 0.048980
406 0.057198
407 0.055009
408 0.053490
409 0.057602
410 0.057219
411 0.059133
412 0.059621
413 0.056274
414 0.058107
415 0.067131
416 0.056150
417 0.060961
418 0.069288
419 0.068808
420 0.050115
421 0.068345
422 0.062078
423 0.059489
424 0.065035
425 0.065023
426 0.064922
427 0.064524
428 0.058663
429 0.061268
430 0.061314
431 0.058689
432 0.059079
433 0.057868
434 0.058771
435 0.058638
436 0.059848
437 0.062089
438 0.058813
439 0.059834
440 0.058535
441 0.061465
442 0.062177
443 0.063083
444 0.060724
445 0.046952
446 0.046855
447 0.047850
448 0.047862
449 0.060029
450 0.045405
451 0.056449
452 0.065977
453 0.066645
454 0.061814
455 0.071303
456 0.053300
457 0.062788
458 0.058531
459 0.060440
460 0.060872
461 0.054097
462 0.060441
463 0.052496
464 0.052573
465 0.056074
466 0.055929
467 0.056322
468 0.048293
469 0.048327
470 0.047875
471 0.048210
472 0.047660
473 0.048708
474 0.051030
475 0.048756
476 0.053877
477 0.049636
478 0.046726
479 0.048437
480 0.048950
481 0.050814
482 0.045050
483 0.045754
484 0.046841
485 0.050239
486 0.045044
487 0.056302
488 0.049907
489 0.047671
490 0.044339
491 0.052405
492 0.048393
493 0.043874
494 0.057681
495 0.068341
496 0.068184
497 0.058361
498 0.045632
499 0.047016
500 0.053172
501 0.044383
502 0.059308
503 0.082014
504 0.064853
505 0.054660
506 0.049726
507 0.050459
508 0.052074
509 0.049540
510 0.046531
511 0.050424
512 0.048894
513 0.047942
514 0.049483
515 0.048793
516 0.046944
517 0.046820
518 0.052296
519 0.039667
520 0.045414
521 0.060504
522 0.054195
523 0.040554
524 0.049799
525 0.046067
526 0.050296
527 0.048407
528 0.055436
529 0.053540
530 0.053458
531 0.051802
532 0.048408
533 0.049867
534 0.050784
535 0.051663
536 0.050806
537 0.046539
538 0.041310
539 0.041697
540 0.038636
541 0.043867
542 0.043845
543 0.052046
544 0.037311
545 0.047229
546 0.038213
547 0.048500
548 0.048737
549 0.052748
550 0.050194
551 0.053427
552 0.043081
553 0.045823
554 0.043028
555 0.048676
556 0.052379
557 0.045786
558 0.047389
559 0.047894
560 0.053956
561 0.052957
562 0.060137
563 0.059219
564 0.053187
565 0.047543
566 0.058037
567 0.049792
568 0.046844
569 0.052125
570 0.051918
571 0.053078
572 0.046810
573 0.051789
574 0.051591
575 0.051276
576 0.052496
577 0.045228
578 0.048160
579 0.045722
580 0.038728
581 0.039827
582 0.042689
583 0.047027
584 0.043218
585 0.050343
586 0.046793
587 0.044894
588 0.043965
589 0.045924
590 0.038757
591 0.039804
592 0.039336
593 0.040430
594 0.044132
595 0.043729
596 0.043988
597 0.044865
598 0.044755
599 0.042563
600 0.049957
601 0.041289
602 0.041291
603 0.039866
604 0.039593
605 0.039984
606 0.049619
607 0.043749
608 0.045696
609 0.044181
610 0.040155
611 0.039002
612 0.041586
613 0.038861
614 0.039219
615 0.042749
616 0.036360
617 0.037353
618 0.040223
619 0.036097
620 0.036105
621 0.035832
622 0.040619
623 0.042863
624 0.043311
625 0.043726
626 0.040698
627 0.035180
628 0.035912
629 0.039441
630 0.042267
631 0.038428
632 0.038935
633 0.040328
634 0.037454
635 0.041590
636 0.044846
637 0.041910
638 0.042893
639 0.038420
640 0.036957
641 0.037608
642 0.039793
643 0.039638
644 0.040477
645 0.047903
646 0.048483
647 0.050681
648 0.043077
649 0.039025
650 0.034108
651 0.035626
652 0.037361
653 0.038407
654 0.040588
655 0.038659
656 0.040050
657 0.041046
658 0.039250
659 0.040886
660 0.040055
661 0.038728
662 0.037322
663 0.036220
664 0.038774
665 0.040928
666 0.040421
667 0.042480
668 0.041493
669 0.037113
670 0.040642
671 0.043740
672 0.041652
673 0.044330
674 0.042884
675 0.041916
676 0.040277
677 0.052642
678 0.051174
679 0.044602
680 0.044256
681 0.054533
682 0.050921
683 0.053804
684 0.045177
685 0.040478
686 0.041943
687 0.051683
688 0.050936
689 0.045403
690 0.042909
691 0.043309
692 0.041469
693 0.041311
694 0.041168
695 0.040966
696 0.040627
697 0.039684
698 0.039518
699 0.042476
700 0.041875
701 0.042805
702 0.042699
703 0.040126
704 0.037955
705 0.038693
706 0.044667
707 0.043667
708 0.055623
709 0.050137
710 0.043722
711 0.042369
712 0.040870
713 0.034327
714 0.036270
715 0.048976
716 0.046037
717 0.041349
718 0.041459
719 0.037216
720 0.038735
721 0.049833
722 0.053467
723 0.039262
724 0.048201
725 0.063408
726 0.050804
727 0.043575
728 0.047112
729 0.065125
730 0.057816
731 0.057350
732 0.055372
733 0.056830
734 0.057192
735 0.055015
736 0.062402
737 0.050979
738 0.045945
739 0.042758
740 0.042533
741 0.042932
742 0.041683
743 0.041910
744 0.042793
745 0.047978
746 0.042699
747 0.043683
748 0.045163
749 0.042260
750 0.041493
751 0.041004
752 0.038409
753 0.037705
754 0.037643
755 0.037114
756 0.036252
757 0.035931
758 0.034950
759 0.039892
760 0.039049
761 0.043134
762 0.045911
763 0.038856
764 0.037589
765 0.034895
766 0.034374
767 0.041476
768 0.035309
769 0.034111
770 0.037765
771 0.039715
772 0.038070
773 0.036710
774 0.037557
775 0.035394
776 0.035332
777 0.035460
778 0.037561
779 0.049372
780 0.048870
781 0.038243
782 0.044774
783 0.044436
784 0.044077
785 0.037472
786 0.055657
787 0.055906
788 0.055834
789 0.056001
790 0.045465
791 0.038533
792 0.041264
793 0.038246
794 0.048650
795 0.037013
796 0.048481
797 0.036990
798 0.037145
799 0.037116
800 0.036349
801 0.037725
802 0.038815
803 0.038584
804 0.038799
805 0.050630
806 0.053274
807 0.041357
808 0.037952
809 0.048083
810 0.050501
811 0.044315
812 0.039320
813 0.049810
814 0.050154
815 0.043713
816 0.037148
817 0.047828
818 0.044909
819 0.044005
820 0.056547
821 0.060129
822 0.059501
823 0.048158
824 0.038419
825 0.046950
826 0.051917
827 0.046790
828 0.055559
829 0.047501
830 0.053763
831 0.077397
832 0.059228
833 0.043931
834 0.043450
835 0.048227
836 0.052147
837 0.060246
838 0.047015
839 0.059826
840 0.049274
841 0.053161
842 0.041426
843 0.042752
844 0.049429
845 0.046057
846 0.044777
847 0.042810
848 0.057437
849 0.052437
850 0.043135
851 0.038500
852 0.035581
853 0.033527
854 0.031385
855 0.032349
856 0.033105
857 0.034994
858 0.035905
859 0.035731
860 0.037588
861 0.038109
862 0.038226
863 0.040325
864 0.042084
865 0.039054
866 0.043315
867 0.043724
868 0.047077
869 0.043069
870 0.057245
871 0.047343
872 0.046308
873 0.045228
874 0.038864
875 0.038672
876 0.038939
877 0.043462
878 0.053583
879 0.036715
880 0.050777
881 0.039332
882 0.048894
883 0.050487
884 0.046323
885 0.049185
886 0.054057
887 0.056448
888 0.058389
889 0.050977
890 0.052370
891 0.054073
892 0.051278
893 0.052835
894 0.066430
895 0.058878
896 0.046662
897 0.042464
898 0.048542
899 0.049724
900 0.054203
901 0.052406
902 0.054934
903 0.046404
904 0.046273
905 0.048012
906 0.050479
907 0.058921
908 0.055586
909 0.064882
910 0.057592
911 0.058191
912 0.049370
913 0.051570
914 0.043752
915 0.053231
916 0.053248
917 0.073490
918 0.057541
919 0.051705
920 0.057608
921 0.063151
922 0.052700
923 0.057810
924 0.061944
925 0.062200
926 0.062489
927 0.057347
928 0.038909
929 0.038765
930 0.040234
931 0.043670
932 0.049615
933 0.049861
934 0.064363
935 0.064229
936 0.065196
937 0.050835
938 0.036669
939 0.044962
940 0.046702
941 0.044826
942 0.039339
943 0.038629
944 0.036781
945 0.034839
946 0.047018
947 0.041528
948 0.047265
949 0.042837
950 0.044078
951 0.045657
952 0.056385
953 0.068476
954 0.054050
955 0.059780
956 0.058080
957 0.054950
958 0.061051
959 0.054408
960 0.061507
961 0.056023
962 0.052026
963 0.059517
964 0.060468
965 0.057686
966 0.058934
967 0.054256
968 0.056039
969 0.058713
970 0.057181
971 0.058133
972 0.056902
973 0.059407
974 0.053516
975 0.057893
976 0.060273
977 0.055565
978 0.050199
979 0.050814
980 0.059413
981 0.053492
982 0.046397
983 0.045603
984 0.044447
985 0.059226
986 0.060405
987 0.057604
988 0.057764
989 0.045466
990 0.045186
991 0.047129
992 0.049907
993 0.060282
994 0.058869
995 0.053254
996 0.056733
997 0.065137
998 0.059999
999 0.062893
1000 0.054701
1001 0.057450
1002 0.048264
1003 0.054488
1004 0.055170
1005 0.044490
1006 0.041868
1007 0.045272
1008 0.054458
1009 0.045378
1010 0.063761
1011 0.068372
1012 0.053129
1013 0.044667
1014 0.047035
1015 0.053885
1016 0.059238
1017 0.061292
1018 0.060223
1019 0.063974
1020 0.063718
1021 0.064791
1022 0.043109
1023 0.054472
1024 0.059179
1025 0.051501
1026 0.059125
1027 0.050706
1028 0.051734
1029 0.049655
1030 0.056638
1031 0.053728
1032 0.061577
1033 0.054545
1034 0.062855
1035 0.052823
1036 0.057755
1037 0.051359
1038 0.057541
1039 0.072059
1040 0.069149
1041 0.068814
1042 0.068098
1043 0.068315
1044 0.051742
1045 0.060753
1046 0.050360
1047 0.050114
1048 0.058672
1049 0.060875
1050 0.059574
1051 0.054661
1052 0.055934
1053 0.066090
1054 0.051781
1055 0.046065
1056 0.060173
1057 0.064194
1058 0.053543
1059 0.065750
1060 0.066108
1061 0.066513
1062 0.055431
1063 0.060706
1064 0.055930
1065 0.044425
1066 0.039272
1067 0.042240
1068 0.049729
1069 0.049862
1070 0.050074
1071 0.042004
1072 0.046951
1073 0.045233
1074 0.055558
1075 0.042573
1076 0.058727
1077 0.042911
1078 0.041455
1079 0.041866
1080 0.039943
1081 0.041478
1082 0.045715
1083 0.051181
1084 0.047362
1085 0.049445
1086 0.048206
1087 0.061632
1088 0.060755
1089 0.060984
1090 0.061038
1091 0.047887
1092 0.054767
1093 0.054950
1094 0.053922
1095 0.049963
1096 0.039518
1097 0.057143
1098 0.056746
1099 0.052220
1100 0.042630
1101 0.053704
1102 0.053118
1103 0.051516
1104 0.053771
1105 0.053411
1106 0.053013
1107 0.054425
1108 0.054389
1109 0.054038
1110 0.054036
1111 0.047395
1112 0.052376
1113 0.052716
1114 0.051981
1115 0.041083
1116 0.055737
1117 0.055967
1118 0.055705
1119 0.051982
1120 0.052575
1121 0.052438
1122 0.052491
1123 0.049642
1124 0.055186
1125 0.054300
1126 0.053520
1127 0.054826
1128 0.049452
1129 0.050307
1130 0.050347
1131 0.049623
1132 0.046765
1133 0.047691
1134 0.046368
1135 0.042431
1136 0.042873
1137 0.042889
1138 0.043180
1139 0.047698
1140 0.047364
1141 0.047299
1142 0.049790
1143 0.051344
1144 0.050882
1145 0.049850
1146 0.048069
1147 0.048133
1148 0.048594
1149 0.048026
1150 0.047866
1151 0.048455
1152 0.048974
1153 0.050439
1154 0.050782
1155 0.050611
1156 0.047630
1157 0.048882
1158 0.048481
1159 0.048821
1160 0.038743
1161 0.048779
1162 0.048125
1163 0.049169
1164 0.053489
1165 0.056194
1166 0.051004
1167 0.055468
1168 0.055445
1169 0.055951
1170 0.055319
1171 0.055697
1172 0.058536
1173 0.059145
1174 0.058551
1175 0.058800
1176 0.040045
1177 0.059201
1178 0.051018
1179 0.037471
1180 0.048152
1181 0.054343
1182 0.054948
1183 0.053757
1184 0.053686
1185 0.044400
1186 0.057883
1187 0.057164
1188 0.058287
1189 0.057509
1190 0.056865
1191 0.062793
1192 0.044188
1193 0.050889
1194 0.051115
1195 0.049841
1196 0.049150
1197 0.037390
1198 0.057687
1199 0.055937
1200 0.044381
1201 0.058241
1202 0.059373
1203 0.058550
1204 0.037961
1205 0.049185
1206 0.048940
1207 0.060775
1208 0.060915
1209 0.060813
1210 0.037142
1211 0.056465
1212 0.041447
1213 0.054146
1214 0.062331
1215 0.062227
1216 0.063052
1217 0.038379
1218 0.059780
1219 0.042296
1220 0.037182
1221 0.052223
1222 0.041209
1223 0.046556
1224 0.046458
1225 0.044690
1226 0.033115
1227 0.036626
1228 0.037502
1229 0.035896
1230 0.036083
1231 0.034967
1232 0.035435
1233 0.034409
1234 0.039817
1235 0.038659
1236 0.038081
1237 0.037904
1238 0.037045
1239 0.036681
1240 0.036523
1241 0.035905
1242 0.036337
1243 0.036491
1244 0.036107
1245 0.037846
1246 0.037380
1247 0.037493
1248 0.039893
1249 0.039377
1250 0.041307
1251 0.041179
1252 0.039555
1253 0.039736
1254 0.040817
1255 0.040440
1256 0.039297
1257 0.037992
1258 0.039137
1259 0.038573
1260 0.039581
1261 0.038136
1262 0.040534
1263 0.039936
1264 0.039474
1265 0.040582
1266 0.041716
1267 0.041639
1268 0.041673
1269 0.038038
1270 0.040070
1271 0.039778
1272 0.040098
1273 0.040293
1274 0.038943
1275 0.039543
1276 0.038860
1277 0.039050
1278 0.038280
1279 0.039220
1280 0.037875
1281 0.037180
1282 0.038029
1283 0.039581
1284 0.039227
1285 0.039413
1286 0.039539
1287 0.040268
1288 0.039533
1289 0.041017
1290 0.038070
1291 0.038694
1292 0.040356
1293 0.038845
1294 0.039819
1295 0.039986
1296 0.039595
1297 0.040376
1298 0.038103
1299 0.034397
1300 0.039444
1301 0.036957
1302 0.036534
1303 0.038204
1304 0.033512
1305 0.037918
1306 0.037172
1307 0.036051
1308 0.039716
1309 0.039512
1310 0.038305
1311 0.037929
1312 0.038203
1313 0.037961
1314 0.038661
1315 0.039088
1316 0.037839
1317 0.037152
1318 0.039645
1319 0.039252
1320 0.038305
1321 0.037865
1322 0.040641
1323 0.038391
1324 0.038850
1325 0.038442
1326 0.038299
1327 0.037013
1328 0.035874
1329 0.043701
1330 0.043217
1331 0.044379
1332 0.039456
1333 0.040824
1334 0.041045
1335 0.041378
1336 0.040555
1337 0.039578
1338 0.040957
1339 0.041090
1340 0.038344
1341 0.039679
1342 0.040034
1343 0.036795
1344 0.038735
1345 0.037734
1346 0.038068
1347 0.039280
1348 0.038605
1349 0.036653
1350 0.039000
1351 0.038427
1352 0.038484
1353 0.039181
1354 0.038351
1355 0.036255
1356 0.036421
1357 0.037395
1358 0.039332
1359 0.038971
1360 0.036420
1361 0.038067
1362 0.038046
1363 0.038104
1364 0.037473
1365 0.037997
1366 0.033619
1367 0.039907
1368 0.038371
1369 0.038628
1370 0.036156
1371 0.037387
1372 0.036713
1373 0.036376
1374 0.036861
1375 0.036977
1376 0.036039
1377 0.038116
1378 0.036311
1379 0.036608
1380 0.037031
1381 0.039099
1382 0.039575
1383 0.038528
1384 0.039003
1385 0.037968
1386 0.038996
1387 0.038874
1388 0.038140
1389 0.035746
1390 0.037069
1391 0.039124
1392 0.038453
1393 0.038118
1394 0.037775
1395 0.037814
1396 0.034644
1397 0.038082
1398 0.037680
1399 0.036503
1400 0.034653
1401 0.037989
1402 0.039340
1403 0.038776
1404 0.037300
1405 0.037800
1406 0.037106
1407 0.034767
1408 0.037632
1409 0.037198
1410 0.037160
1411 0.038075
1412 0.037918
1413 0.037123
1414 0.036582
1415 0.033023
1416 0.038074
1417 0.036388
1418 0.037427
1419 0.036476
1420 0.033877
1421 0.037959
1422 0.037205
1423 0.037164
1424 0.036306
1425 0.037720
1426 0.037271
1427 0.036548
1428 0.033005
1429 0.038599
1430 0.038245
1431 0.037641
1432 0.036543
1433 0.036831
1434 0.037288
1435 0.036850
1436 0.035155
1437 0.037102
1438 0.036120
1439 0.035557
1440 0.033743
1441 0.035282
1442 0.036454
1443 0.035128
1444 0.032930
1445 0.036079
1446 0.037778
1447 0.036338
1448 0.035029
1449 0.036654
1450 0.032195
1451 0.035820
1452 0.036753
1453 0.037096
1454 0.034086
1455 0.036574
1456 0.035785
1457 0.037082
1458 0.036497
1459 0.037081
1460 0.036419
1461 0.032786
1462 0.038007
1463 0.037720
1464 0.034870
1465 0.036577
1466 0.035887
1467 0.035825
1468 0.035997
1469 0.032602
1470 0.036214
1471 0.035859
1472 0.035581
1473 0.038033
1474 0.037080
1475 0.037639
1476 0.038352
1477 0.037327
1478 0.036308
1479 0.035566
1480 0.033750
1481 0.032437
1482 0.036669
1483 0.035646
1484 0.035115
1485 0.033229
1486 0.037739
1487 0.039419
1488 0.038153
1489 0.037477
1490 0.037563
1491 0.037433
1492 0.037701
1493 0.034024
1494 0.037867
1495 0.035583
1496 0.037171
1497 0.034772
1498 0.034970
1499 0.036668
1500 0.036405
1501 0.035863
1502 0.036690
1503 0.036450
1504 0.036493
1505 0.036797
1506 0.034838
1507 0.036120
1508 0.036091
1509 0.037202
1510 0.037390
1511 0.036986
1512 0.036677
1513 0.035762
1514 0.037352
1515 0.034747
1516 0.036943
1517 0.034951
1518 0.035354
1519 0.035299
1520 0.034217
1521 0.036031
1522 0.035915
1523 0.033601
1524 0.035759
1525 0.035382
1526 0.035872
1527 0.033723
1528 0.037902
1529 0.035844
1530 0.035385
1531 0.033676
1532 0.036251
1533 0.035339
1534 0.035969
1535 0.036663
1536 0.033798
1537 0.035149
1538 0.036403
1539 0.036708
1540 0.036815
1541 0.035974
1542 0.036384
1543 0.033076
1544 0.035220
1545 0.035932
1546 0.035979
1547 0.036010
1548 0.035426
1549 0.034382
1550 0.035071
1551 0.033277
1552 0.035176
1553 0.035004
1554 0.034076
1555 0.033985
1556 0.035984
1557 0.035930
1558 0.035271
1559 0.033567
1560 0.034165
1561 0.034140
1562 0.034598
1563 0.033388
1564 0.036016
1565 0.034600
1566 0.034185
1567 0.034428
1568 0.034973
1569 0.033909
1570 0.034160
1571 0.035242
1572 0.034118
1573 0.033635
1574 0.035820
1575 0.036536
1576 0.033588
1577 0.035988
1578 0.034781
1579 0.034250
1580 0.035776
1581 0.034740
1582 0.035567
1583 0.035669
1584 0.034677
1585 0.034225
1586 0.034010
1587 0.035474
1588 0.033899
1589 0.037223
1590 0.046080
1591 0.059505
1592 0.058401
1593 0.059342
1594 0.058203
1595 0.057755
1596 0.058507
1597 0.043856
1598 0.046745
1599 0.046989
1600 0.046124
1601 0.044059
1602 0.044366
1603 0.043880
1604 0.044206
1605 0.044074
1606 0.044555
1607 0.044380
1608 0.032316
1609 0.046691
1610 0.060905
1611 0.061753
1612 0.061649
1613 0.052455
1614 0.059240
1615 0.059139
1616 0.058930
1617 0.061611
1618 0.061353
1619 0.059987
1620 0.059285
1621 0.057090
1622 0.065735
1623 0.048419
1624 0.056417
1625 0.054552
1626 0.054535
1627 0.057726
1628 0.058190
1629 0.059249
1630 0.048442
1631 0.035390
1632 0.041010
1633 0.036294
1634 0.036822
1635 0.039766
1636 0.039693
1637 0.039003
1638 0.038934
1639 0.039516
1640 0.038532
1641 0.037265
1642 0.040278
1643 0.039872
1644 0.037657
1645 0.034676
1646 0.040622
1647 0.047531
1648 0.040124
1649 0.046653
1650 0.057830
1651 0.062919
1652 0.037919
1653 0.038021
1654 0.043787
1655 0.047239
1656 0.035220
1657 0.048576
1658 0.043208
1659 0.039784
1660 0.050268
1661 0.037346
1662 0.037413
1663 0.035997
1664 0.032120
1665 0.043969
1666 0.039295
1667 0.035719
1668 0.033848
1669 0.040001
1670 0.047267
1671 0.039005
1672 0.033174
1673 0.033501
1674 0.037751
1675 0.044307
1676 0.049188
1677 0.036408
1678 0.039834
1679 0.051097
1680 0.047452
1681 0.046446
1682 0.040241
1683 0.033412
1684 0.039620
1685 0.040521
1686 0.040655
1687 0.040661
1688 0.035560
1689 0.058892
1690 0.063409
1691 0.064518
1692 0.111213
1693 0.082502
1694 0.052316
1695 0.056849
1696 0.044845
1697 0.048988
1698 0.048195
1699 0.041880
1700 0.045124
1701 0.048413
1702 0.054152
1703 0.046267
1704 0.054294
1705 0.049501
1706 0.043164
1707 0.040027
1708 0.033000
1709 0.034230
1710 0.039713
1711 0.043668
1712 0.049811
1713 0.047980
1714 0.048931
1715 0.044966
1716 0.044625
1717 0.041916
1718 0.034600
1719 0.034058
1720 0.034193
1721 0.037336
1722 0.037205
1723 0.048015
1724 0.053497
1725 0.046295
1726 0.042568
1727 0.047326
1728 0.048815
1729 0.043660
1730 0.050363
1731 0.036104
1732 0.035139
1733 0.036639
1734 0.037552
1735 0.036355
1736 0.045187
1737 0.041235
1738 0.038221
1739 0.036531
1740 0.037693
1741 0.039093
1742 0.037084
1743 0.039820
1744 0.046841
1745 0.044353
1746 0.035197
1747 0.037757
1748 0.036474
1749 0.041554
1750 0.044756
1751 0.040367
1752 0.043392
1753 0.045337
1754 0.041702
1755 0.038916
1756 0.035769
1757 0.041309
1758 0.048562
1759 0.046112
1760 0.048333
1761 0.044323
1762 0.045631
1763 0.038449
1764 0.038761
1765 0.047083
1766 0.045482
1767 0.035503
1768 0.046228
1769 0.043898
1770 0.038998
1771 0.039220
1772 0.037764
1773 0.038285
1774 0.037671
1775 0.033345
1776 0.042996
1777 0.039536
1778 0.042933
1779 0.040323
1780 0.040275
1781 0.037492
1782 0.038372
1783 0.039765
1784 0.038436
1785 0.038056
1786 0.037368
1787 0.038917
1788 0.042832
1789 0.038580
1790 0.037439
1791 0.039722
1792 0.042721
1793 0.036122
1794 0.037947
1795 0.038288
1796 0.036780
1797 0.038736
1798 0.038945
1799 0.036394
1800 0.040449
1801 0.039476
1802 0.043923
1803 0.039590
1804 0.036575
1805 0.037338
1806 0.038310
1807 0.038567
1808 0.037411
1809 0.037045
1810 0.043658
1811 0.041115
1812 0.041830
1813 0.043209
1814 0.048431
1815 0.040305
1816 0.038504
1817 0.039025
1818 0.037570
1819 0.034066
1820 0.040505
1821 0.039960
1822 0.035349
1823 0.036972
1824 0.040249
1825 0.037725
1826 0.040984
1827 0.039976
1828 0.044998
1829 0.048540
1830 0.044246
1831 0.048232
1832 0.044241
1833 0.053289
1834 0.048341
1835 0.044631
1836 0.041266
1837 0.038771
1838 0.037665
1839 0.037888
1840 0.036324
1841 0.038979
1842 0.038399
1843 0.043579
1844 0.045655
1845 0.052054
1846 0.049827
1847 0.045106
1848 0.039679
1849 0.035584
1850 0.037647
1851 0.036213
1852 0.043353
1853 0.046433
1854 0.041457
1855 0.046680
1856 0.046594
1857 0.039307
1858 0.036372
1859 0.039628
1860 0.037277
1861 0.046244
1862 0.036553
1863 0.035860
1864 0.035843
1865 0.037989
1866 0.042014
1867 0.041471
1868 0.046069
1869 0.040181
1870 0.043360
1871 0.039007
1872 0.042013
1873 0.035424
1874 0.044286
1875 0.044576
1876 0.046289
1877 0.042241
1878 0.046732
1879 0.058337
1880 0.036613
1881 0.034751
1882 0.043337
1883 0.043173
1884 0.045613
1885 0.045995
1886 0.046407
1887 0.039951
1888 0.042560
1889 0.044456
1890 0.035563
1891 0.038116
1892 0.041000
1893 0.046063
1894 0.045716
1895 0.045492
1896 0.037881
1897 0.048851
1898 0.048224
1899 0.048651
1900 0.042828
1901 0.046113
1902 0.042280
1903 0.050169
1904 0.037086
1905 0.060174
1906 0.052315
1907 0.058833
1908 0.060249
1909 0.059530
1910 0.050520
1911 0.044788
1912 0.036994
1913 0.047736
1914 0.044128
1915 0.034789
1916 0.038831
1917 0.041870
1918 0.048419
1919 0.058134
1920 0.062856
1921 0.041876
1922 0.034559
1923 0.051717
1924 0.064860
1925 0.044342
1926 0.050577
1927 0.049855
1928 0.050500
1929 0.069320
1930 0.066978
1931 0.044241
1932 0.065227
1933 0.042543
1934 0.071919
1935 0.037477
1936 0.045945
1937 0.042514
1938 0.051841
1939 0.071858
1940 0.062440
1941 0.046993
1942 0.051881
1943 0.045488
1944 0.042318
1945 0.032460
1946 0.042959
1947 0.042136
1948 0.042109
1949 0.036123
1950 0.044920
1951 0.042775
1952 0.049918
1953 0.041858
1954 0.044287
1955 0.050720
1956 0.044772
1957 0.048607
1958 0.033183
1959 0.069458
1960 0.042444
1961 0.042418
1962 0.042870
1963 0.042482
1964 0.042809
1965 0.039010
1966 0.054875
1967 0.055559
1968 0.042885
1969 0.050174
1970 0.042627
1971 0.037701
1972 0.036834
1973 0.041348
1974 0.046422
1975 0.045909
1976 0.046505
1977 0.045933
1978 0.066124
1979 0.062861
1980 0.040375
1981 0.043506
1982 0.040058
1983 0.064852
1984 0.048677
1985 0.046215
1986 0.046429
1987 0.046164
1988 0.038805
1989 0.036797
1990 0.063727
1991 0.046838
1992 0.044894
1993 0.045787
1994 0.039965
1995 0.040176
1996 0.037665
1997 0.043839
1998 0.045289
1999 0.052886
2000 0.065733
2001 0.050977
2002 0.040716
2003 0.045790
2004 0.046068
2005 0.045973
2006 0.046492
2007 0.059647
2008 0.066384
2009 0.056681
2010 0.050354
2011 0.035320
2012 0.044699
2013 0.041295
2014 0.055858
2015 0.051508
2016 0.054525
2017 0.066496
2018 0.053924
2019 0.049579
2020 0.044211
2021 0.050973
2022 0.053620
2023 0.048240
2024 0.054899
2025 0.052309
2026 0.055799
2027 0.053510
2028 0.049551
2029 0.049614
2030 0.048713
2031 0.057997
2032 0.076920
2033 0.045781
2034 0.037663
2035 0.037691
2036 0.051977
2037 0.044877
2038 0.044841
2039 0.052662
2040 0.052528
2041 0.052501
2042 0.050994
2043 0.049763
2044 0.050134
2045 0.049572
2046 0.049745
2047 0.049322
2048 0.048729
2049 0.049034
2050 0.048817
2051 0.049350
2052 0.048753
2053 0.048907
2054 0.048139
2055 0.048210
2056 0.048418
2057 0.048260
2058 0.048536
2059 0.047805
2060 0.048420
2061 0.050269
2062 0.048114
2063 0.050539
2064 0.054686
2065 0.047736
2066 0.034844
2067 0.063141
2068 0.049824
2069 0.049984
2070 0.051556
2071 0.051743
2072 0.050278
2073 0.050748
2074 0.041413
2075 0.047352
2076 0.036339
2077 0.040935
2078 0.042239
2079 0.049927
2080 0.050408
2081 0.051100
2082 0.051552
2083 0.051657
2084 0.049242
2085 0.049842
2086 0.049761
2087 0.039844
2088 0.036450
2089 0.076202
2090 0.046236
2091 0.044296
2092 0.040713
2093 0.049549
2094 0.045576
2095 0.049607
2096 0.051133
2097 0.051059
2098 0.051252
2099 0.050946
2100 0.051224
2101 0.049695
2102 0.046361
2103 0.050316
2104 0.046853
2105 0.037328
2106 0.049286
2107 0.050845
2108 0.049427
2109 0.049225
2110 0.049389
2111 0.050451
2112 0.048980
2113 0.048848
2114 0.050997
2115 0.053957
2116 0.055879
2117 0.055917
2118 0.055847
2119 0.050066
2120 0.053860
2121 0.039275
2122 0.058955
2123 0.068797
2124 0.074339
2125 0.077170
2126 0.055719
2127 0.057239
2128 0.055791
2129 0.055889
2130 0.055934
2131 0.055685
2132 0.055613
2133 0.055409
2134 0.055572
2135 0.055422
2136 0.055263
2137 0.054938
2138 0.055194
2139 0.054959
2140 0.054861
2141 0.055078
2142 0.055041
2143 0.054799
2144 0.036465
2145 0.043788
2146 0.043444
2147 0.042983
2148 0.044215
2149 0.043418
2150 0.043445
2151 0.043307
2152 0.043304
2153 0.043591
2154 0.043155
2155 0.043389
2156 0.043152
2157 0.042940
2158 0.043264
2159 0.043277
2160 0.043128
2161 0.042829
2162 0.042514
2163 0.043299
2164 0.043078
2165 0.043150
2166 0.043122
2167 0.043273
2168 0.043171
2169 0.042641
2170 0.042855
2171 0.043483
2172 0.042565
2173 0.042818
2174 0.041738
2175 0.047882
2176 0.093001
2177 0.090062
2178 0.071352
2179 0.054080
2180 0.051205
2181 0.064943
2182 0.069877
2183 0.074368
2184 0.076279
2185 0.088616
2186 0.065132
2187 0.065439
2188 0.080259
2189 0.088089
2190 0.090647
2191 0.105445
2192 0.098917
2193 0.097265
2194 0.095890
2195 0.096998
2196 0.090182
2197 0.088355
2198 0.098880
2199 0.089892
2200 0.087564
2201 0.087747
2202 0.094395
2203 0.099116
2204 0.098094
2205 0.091839
2206 0.096444
2207 0.092028
2208 0.087601
2209 0.088533
2210 0.087139
2211 0.089305
2212 0.089569
2213 0.081568
2214 0.086355
2215 0.087148
2216 0.086286
2217 0.088472
2218 0.078248
2219 0.078175
2220 0.078912
2221 0.077814
2222 0.080204
2223 0.083406
2224 0.084798
2225 0.098173
2226 0.099452
2227 0.098151
2228 0.096182
2229 0.091516
2230 0.085718
2231 0.098714
2232 0.098218
2233 0.086244
2234 0.089920
2235 0.100311
2236 0.086620
2237 0.069269
2238 0.087940
2239 0.096136
2240 0.091156
2241 0.092529
2242 0.092296
2243 0.091764
2244 0.091972
2245 0.088340
2246 0.090200
2247 0.092286
2248 0.094557
2249 0.091646
2250 0.090903
2251 0.089393
2252 0.092802
2253 0.092880
2254 0.094034
2255 0.087849
2256 0.085302
2257 0.090883
2258 0.086397
2259 0.087233
2260 0.087240
2261 0.084432
2262 0.089428
2263 0.093662
2264 0.082397
2265 0.092315
2266 0.088936
2267 0.094774
2268 0.103750
2269 0.095855
2270 0.089374
2271 0.090433
2272 0.075705
2273 0.076326
2274 0.087085
2275 0.089317
2276 0.077728
2277 0.074791
2278 0.083575
2279 0.089235
2280 0.086395
2281 0.080752
2282 0.074364
2283 0.072803
2284 0.075652
2285 0.077018
2286 0.090330
2287 0.084651
2288 0.077434
2289 0.071895
2290 0.083898
2291 0.085967
2292 0.083734
2293 0.078896
2294 0.082941
2295 0.078023
2296 0.072465
2297 0.077442
2298 0.072446
2299 0.074998
2300 0.070945
2301 0.081357
2302 0.076091
2303 0.078442
2304 0.088075
2305 0.080701
2306 0.080507
2307 0.072881
2308 0.073826
2309 0.075822
2310 0.079925
2311 0.077309
2312 0.078856
2313 0.085968
2314 0.082208
2315 0.077745
2316 0.076048
2317 0.078329
2318 0.081051
2319 0.081709
2320 0.075554
2321 0.081261
2322 0.081323
2323 0.073572
2324 0.087315
2325 0.082385
2326 0.074650
2327 0.073182
2328 0.076397
2329 0.084455
2330 0.078396
2331 0.074623
2332 0.071551
2333 0.079716
2334 0.081970
2335 0.088745
2336 0.085637
2337 0.085039
2338 0.074642
2339 0.057790
2340 0.062551
2341 0.055071
2342 0.065777
2343 0.075903
2344 0.087176
2345 0.084760
2346 0.084656
2347 0.075510
2348 0.078349
2349 0.073602
2350 0.081827
2351 0.081983
2352 0.073714
2353 0.077788
2354 0.073805
2355 0.071762
2356 0.069389
2357 0.075515
2358 0.077642
2359 0.072637
2360 0.069267
2361 0.071827
2362 0.070370
2363 0.073165
2364 0.071715
2365 0.075447
2366 0.081555
2367 0.078891
2368 0.067559
2369 0.081656
2370 0.074519
2371 0.076239
2372 0.077251
2373 0.069222
2374 0.074075
2375 0.086929
2376 0.086581
2377 0.084124
2378 0.088737
2379 0.081077
2380 0.084844
2381 0.076137
2382 0.080504
2383 0.088094
2384 0.086594
2385 0.085949
2386 0.098966
2387 0.086523
2388 0.084881
2389 0.086442
2390 0.092569
2391 0.088970
2392 0.085062
2393 0.090332
2394 0.098840
2395 0.102337
2396 0.099658
2397 0.108312
2398 0.113107
2399 0.117297
2400 0.105468
2401 0.100988
2402 0.101042
2403 0.107189
2404 0.099527
2405 0.101055
2406 0.084558
2407 0.083839
2408 0.084379
2409 0.086016
2410 0.085182
2411 0.089186
2412 0.081019
2413 0.101764
2414 0.091382
2415 0.085028
2416 0.090356
2417 0.089412
2418 0.089646
2419 0.088621
2420 0.090220
2421 0.090240
2422 0.084338
2423 0.084327
2424 0.083835
2425 0.082982
2426 0.082309
2427 0.083281
2428 0.082007
2429 0.081681
2430 0.081739
2431 0.081742
2432 0.080878
2433 0.082075
2434 0.080150
2435 0.081750
2436 0.094714
2437 0.124194
2438 0.094291
2439 0.082531
2440 0.083208
2441 0.082989
2442 0.082835
2443 0.083027
2444 0.082988
2445 0.083475
2446 0.092399
2447 0.102022
2448 0.096322
2449 0.092922
2450 0.092342
2451 0.094925
2452 0.080606
2453 0.079269
2454 0.108498
2455 0.088102
2456 0.073658
2457 0.070596
2458 0.072329
2459 0.065310
2460 0.089786
2461 0.082202
2462 0.081260
2463 0.055663
2464 0.073332
2465 0.057083
2466 0.063066
2467 0.061456
2468 0.079928
2469 0.064252
2470 0.099147
2471 0.098810
2472 0.098482
2473 0.103430
2474 0.100846
2475 0.099025
2476 0.097842
2477 0.098317
2478 0.098277
2479 0.097766
2480 0.097386
2481 0.097608
2482 0.097254
2483 0.097384
2484 0.096075
2485 0.096551
2486 0.096989
2487 0.096352
2488 0.096088
2489 0.095918
