0 0.063119
1 0.059700
2 0.059937
3 0.060513
4 0.059969
5 0.060177
6 0.060021
7 0.059948
8 0.059815
9 0.059996
10 0.059586
11 0.059758
12 0.059608
13 0.059133
14 0.058830
15 0.059429
16 0.058480
17 0.058765
18 0.058385
19 0.058697
20 0.058152
21 0.058470
22 0.057419
23 0.057898
24 0.057815
25 0.057668
26 0.057201
27 0.057620
28 0.057232
29 0.057312
30 0.056997
31 0.056510
32 0.056883
33 0.056731
34 0.056531
35 0.056439
36 0.056193
37 0.056759
38 0.056175
39 0.056187
40 0.056322
41 0.055961
42 0.055822
43 0.056093
44 0.055680
45 0.056167
46 0.055590
47 0.055493
48 0.055876
49 0.055351
50 0.055082
51 0.055066
52 0.054909
53 0.055234
54 0.054694
55 0.054988
56 0.054732
57 0.054468
58 0.054176
59 0.054928
60 0.054552
61 0.054557
62 0.054150
63 0.054383
64 0.054069
65 0.054006
66 0.053793
67 0.054090
68 0.053518
69 0.058681
70 0.063291
71 0.059575
72 0.061848
73 0.069028
74 0.061257
75 0.059604
76 0.061005
77 0.061516
78 0.061694
79 0.058069
80 0.058257
81 0.058612
82 0.057800
83 0.060187
84 0.062477
85 0.057476
86 0.061812
87 0.063378
88 0.060887
89 0.061151
90 0.063088
91 0.062804
92 0.062343
93 0.062117
94 0.057993
95 0.058757
96 0.062018
97 0.060177
98 0.058443
99 0.055763
100 0.066245
101 0.062672
102 0.054540
103 0.053699
104 0.053848
105 0.053865
106 0.053678
107 0.053782
108 0.053570
109 0.053527
110 0.053467
111 0.053937
112 0.053192
113 0.053382
114 0.053075
115 0.053398
116 0.053561
117 0.053053
118 0.052921
119 0.053064
120 0.053172
121 0.053109
122 0.053048
123 0.052923
124 0.052660
125 0.052861
126 0.052665
127 0.052436
128 0.052904
129 0.052658
130 0.052491
131 0.052555
132 0.052496
133 0.052691
134 0.052442
135 0.052492
136 0.052200
137 0.052345
138 0.052242
139 0.052484
140 0.051788
141 0.052093
142 0.051918
143 0.052130
144 0.051786
145 0.052005
146 0.051754
147 0.051434
148 0.051670
149 0.051716
150 0.051638
151 0.051523
152 0.051640
153 0.051460
154 0.051140
155 0.050775
156 0.050706
157 0.050945
158 0.050563
159 0.050835
160 0.050325
161 0.050517
162 0.050518
163 0.050748
164 0.050389
165 0.050449
166 0.050582
167 0.050847
168 0.050745
169 0.050356
170 0.050543
171 0.049158
172 0.050139
173 0.050867
174 0.050519
175 0.050243
176 0.050474
177 0.050106
178 0.049910
179 0.049888
180 0.049839
181 0.049663
182 0.049676
183 0.049653
184 0.049829
185 0.049643
186 0.049983
187 0.049624
188 0.049718
189 0.049410
190 0.049388
191 0.049269
192 0.049152
193 0.049182
194 0.049107
195 0.049396
196 0.049340
197 0.049235
198 0.049272
199 0.049579
200 0.049267
201 0.049058
202 0.049225
203 0.048886
204 0.048953
205 0.049005
206 0.049155
207 0.048720
208 0.048567
209 0.049003
210 0.048939
211 0.048555
212 0.048787
213 0.048745
214 0.048420
215 0.048501
216 0.048811
217 0.048445
218 0.048041
219 0.048349
220 0.048334
221 0.048202
222 0.048451
223 0.048205
224 0.048215
225 0.048072
226 0.048146
227 0.048161
228 0.048065
229 0.047892
230 0.047800
231 0.048332
232 0.047930
233 0.047635
234 0.047858
235 0.047678
236 0.047518
237 0.047514
238 0.047464
239 0.047388
240 0.047226
241 0.047324
242 0.047556
243 0.047329
244 0.046522
245 0.046949
246 0.047031
247 0.046710
248 0.046824
249 0.046766
250 0.046460
251 0.046868
252 0.046602
253 0.046403
254 0.046585
255 0.046787
256 0.046221
257 0.046537
258 0.046681
259 0.046543
260 0.046459
261 0.046281
262 0.046217
263 0.046391
264 0.046241
265 0.046205
266 0.046235
267 0.046200
268 0.046052
269 0.046126
270 0.046183
271 0.046042
272 0.045772
273 0.045804
274 0.045660
275 0.045927
276 0.045796
277 0.045581
278 0.045697
279 0.045607
280 0.045632
281 0.045968
282 0.045663
283 0.045454
284 0.045606
285 0.045548
286 0.073125
287 0.076687
288 0.063461
289 0.062554
290 0.068183
291 0.059553
292 0.060502
293 0.067965
294 0.060091
295 0.068306
296 0.068285
297 0.068992
298 0.068740
299 0.069921
300 0.070490
301 0.070574
302 0.070125
303 0.068534
304 0.069214
305 0.070098
306 0.068909
307 0.066342
308 0.081576
309 0.070287
310 0.070294
311 0.069906
312 0.076681
313 0.045063
314 0.045670
315 0.045255
316 0.045549
317 0.045407
318 0.045663
319 0.045351
320 0.045602
321 0.045170
322 0.045381
323 0.045253
324 0.045205
325 0.045154
326 0.045336
327 0.045022
328 0.045432
329 0.047548
330 0.051020
331 0.051157
332 0.056387
333 0.058456
334 0.057663
335 0.058287
336 0.058500
337 0.058270
338 0.058345
339 0.058486
340 0.057837
341 0.058163
342 0.058403
343 0.058212
344 0.058312
345 0.058253
346 0.058250
347 0.058231
348 0.058540
349 0.058538
350 0.058418
351 0.058637
352 0.058568
353 0.058284
354 0.058297
355 0.058527
356 0.058230
357 0.058498
358 0.058202
359 0.058298
360 0.058191
361 0.058417
362 0.058482
363 0.058065
364 0.058394
365 0.058222
366 0.058457
367 0.058523
368 0.058461
369 0.058103
370 0.058729
371 0.058513
372 0.058057
373 0.058360
374 0.058525
375 0.058196
376 0.058095
377 0.058276
378 0.058465
379 0.058136
380 0.057922
381 0.058201
382 0.058294
383 0.057968
384 0.058371
385 0.058434
386 0.058610
387 0.058441
388 0.058548
389 0.058316
390 0.058133
391 0.058538
392 0.058035
393 0.058277
394 0.058457
395 0.058133
396 0.058107
397 0.058124
398 0.058575
399 0.058374
400 0.058605
401 0.058211
402 0.058107
403 0.058293
404 0.058406
405 0.058274
406 0.058158
407 0.058474
408 0.058315
409 0.058490
410 0.058312
411 0.058611
412 0.058574
413 0.058822
414 0.058455
415 0.058588
416 0.058302
417 0.058824
418 0.057973
419 0.058506
420 0.058211
421 0.058079
422 0.058334
423 0.058290
424 0.058390
425 0.058374
426 0.057921
427 0.057722
428 0.057827
429 0.057359
430 0.057887
431 0.055428
432 0.057180
433 0.057279
434 0.056739
435 0.053514
436 0.054598
437 0.053696
438 0.050991
439 0.053068
440 0.050215
441 0.048985
442 0.049290
443 0.050028
444 0.049709
445 0.050551
446 0.050450
447 0.051546
448 0.051278
449 0.051621
450 0.052811
451 0.051199
452 0.051577
453 0.052780
454 0.053270
455 0.051067
456 0.052533
457 0.052525
458 0.052586
459 0.053062
460 0.051939
461 0.052194
462 0.052787
463 0.052722
464 0.050437
465 0.052117
466 0.052042
467 0.052536
468 0.052218
469 0.052414
470 0.049268
471 0.052100
472 0.051827
473 0.050134
474 0.048971
475 0.051813
476 0.051278
477 0.051207
478 0.051789
479 0.049813
480 0.049142
481 0.050652
482 0.050287
483 0.051226
484 0.048651
485 0.051242
486 0.048383
487 0.051251
488 0.048552
489 0.048344
490 0.050440
491 0.050319
492 0.048860
493 0.051144
494 0.050938
495 0.050026
496 0.050846
497 0.048229
498 0.050596
499 0.050091
500 0.049283
501 0.046554
502 0.050675
503 0.050373
504 0.048072
505 0.047265
506 0.048811
507 0.047874
508 0.049886
509 0.048543
510 0.046316
511 0.047766
512 0.045518
513 0.045109
514 0.044952
515 0.046518
516 0.045306
517 0.044991
518 0.045385
519 0.045836
520 0.045069
521 0.045123
522 0.044454
523 0.045610
524 0.044531
525 0.044964
526 0.045598
527 0.046295
528 0.044892
529 0.044716
530 0.044412
531 0.045181
532 0.044266
533 0.044084
534 0.044154
535 0.043990
536 0.047572
537 0.045838
538 0.045796
539 0.047480
540 0.044377
541 0.045318
542 0.046442
543 0.043851
544 0.046165
545 0.043841
546 0.045100
547 0.044776
548 0.044101
549 0.043652
550 0.044631
551 0.044904
552 0.045694
553 0.045386
554 0.043526
555 0.046504
556 0.046239
557 0.043431
558 0.046631
559 0.045091
560 0.045648
561 0.046382
562 0.045960
563 0.045670
564 0.044168
565 0.043477
566 0.044901
567 0.043534
568 0.046291
569 0.048298
570 0.049915
571 0.050876
572 0.049549
573 0.043745
574 0.047236
575 0.043234
576 0.040457
577 0.041667
578 0.043647
579 0.041681
580 0.041989
581 0.045268
582 0.045164
583 0.044979
584 0.045126
585 0.044961
586 0.045057
587 0.045833
588 0.044275
589 0.042154
590 0.045161
591 0.044840
592 0.044039
593 0.046181
594 0.045254
595 0.042403
596 0.047751
597 0.047727
598 0.046621
599 0.055037
600 0.057516
601 0.055351
602 0.056988
603 0.054602
604 0.054992
605 0.054380
606 0.054601
607 0.054806
608 0.054664
609 0.054276
610 0.054470
611 0.053979
612 0.054193
613 0.054224
614 0.054049
615 0.054022
616 0.054093
617 0.053658
618 0.053687
619 0.053932
620 0.053904
621 0.053845
622 0.053582
623 0.053568
624 0.054691
625 0.056222
626 0.046604
627 0.046883
628 0.049669
629 0.048523
630 0.045512
631 0.043712
632 0.044898
633 0.046618
634 0.047565
635 0.048338
636 0.044949
637 0.045763
638 0.044497
639 0.047447
640 0.046845
641 0.046133
642 0.045493
643 0.045167
644 0.042626
645 0.044018
646 0.043152
647 0.046839
648 0.041352
649 0.045299
650 0.043898
651 0.043929
652 0.042417
653 0.045322
654 0.050274
655 0.053500
656 0.057266
657 0.048967
658 0.058702
659 0.057396
660 0.047600
661 0.052280
662 0.053903
663 0.051216
664 0.058482
665 0.060274
666 0.050038
667 0.048905
668 0.051558
669 0.051145
670 0.047364
671 0.045102
672 0.047770
673 0.049053
674 0.046788
675 0.042992
676 0.047777
677 0.043788
678 0.054739
679 0.056957
680 0.048453
681 0.048535
682 0.049703
683 0.050594
684 0.048781
685 0.048323
686 0.047103
687 0.048558
688 0.051334
689 0.044959
690 0.042277
691 0.046250
692 0.046477
693 0.048287
694 0.044533
695 0.044965
696 0.051333
697 0.049702
698 0.050262
699 0.048967
700 0.050388
701 0.050229
702 0.044427
703 0.044145
704 0.047183
705 0.043225
706 0.043543
707 0.044932
708 0.052711
709 0.043168
710 0.046655
711 0.046460
712 0.050583
713 0.055950
714 0.054751
715 0.048912
716 0.046501
717 0.043758
718 0.051634
719 0.050579
720 0.058702
721 0.058520
722 0.050253
723 0.041745
724 0.046976
725 0.056286
726 0.042948
727 0.051278
728 0.046101
729 0.045041
730 0.044941
731 0.052560
732 0.055258
733 0.049499
734 0.047811
735 0.054571
736 0.066128
737 0.053841
738 0.043779
739 0.058750
740 0.058031
741 0.054862
742 0.049238
743 0.058781
744 0.054249
745 0.050904
746 0.058364
747 0.057484
748 0.056835
749 0.058756
750 0.065155
751 0.063327
752 0.059345
753 0.057763
754 0.056052
755 0.062353
756 0.062714
757 0.055289
758 0.057941
759 0.055212
760 0.057459
761 0.053705
762 0.052006
763 0.046890
764 0.055703
765 0.058216
766 0.054553
767 0.052355
768 0.052673
769 0.053683
770 0.051851
771 0.056543
772 0.051856
773 0.050955
774 0.057623
775 0.052492
776 0.051768
777 0.050950
778 0.054141
779 0.055340
780 0.053271
781 0.059476
782 0.059077
783 0.053954
784 0.061659
785 0.047760
786 0.048598
787 0.062054
788 0.057419
789 0.057045
790 0.062623
791 0.058024
792 0.057818
793 0.054872
794 0.056120
795 0.054990
796 0.053162
797 0.052377
798 0.057175
799 0.055474
800 0.051774
801 0.060152
802 0.067147
803 0.059579
804 0.062450
805 0.057204
806 0.058514
807 0.048589
808 0.052381
809 0.049677
810 0.051474
811 0.058289
812 0.063838
813 0.055261
814 0.057273
815 0.055547
816 0.055048
817 0.050007
818 0.048100
819 0.047916
820 0.051148
821 0.049059
822 0.050268
823 0.046849
824 0.053942
825 0.052863
826 0.052571
827 0.053805
828 0.049578
829 0.047469
830 0.046240
831 0.050074
832 0.046659
833 0.048387
834 0.051270
835 0.054864
836 0.058865
837 0.060800
838 0.052508
839 0.048049
840 0.052212
841 0.045279
842 0.039444
843 0.037611
844 0.038799
845 0.036702
846 0.037650
847 0.037096
848 0.036840
849 0.036956
850 0.037632
851 0.038751
852 0.036877
853 0.042869
854 0.046665
855 0.036209
856 0.035849
857 0.035920
858 0.037304
859 0.038074
860 0.036194
861 0.038928
862 0.035960
863 0.036741
864 0.036529
865 0.038128
866 0.037193
867 0.041977
868 0.036155
869 0.036473
870 0.038601
871 0.040432
872 0.040319
873 0.040031
874 0.041751
875 0.040003
876 0.037344
877 0.040851
878 0.037991
879 0.036567
880 0.044452
881 0.039825
882 0.038642
883 0.038727
884 0.043807
885 0.042906
886 0.041680
887 0.045833
888 0.039504
889 0.043695
890 0.040230
891 0.038976
892 0.040200
893 0.040307
894 0.040820
895 0.041211
896 0.040456
897 0.035623
898 0.038334
899 0.040356
900 0.037807
901 0.038008
902 0.040556
903 0.037286
904 0.042717
905 0.043253
906 0.043653
907 0.042426
908 0.041104
909 0.045001
910 0.049508
911 0.043078
912 0.045024
913 0.036764
914 0.038051
915 0.036506
916 0.036009
917 0.035828
918 0.035727
919 0.036322
920 0.038179
921 0.036171
922 0.037886
923 0.040018
924 0.037833
925 0.037495
926 0.034206
927 0.041373
928 0.041272
929 0.041168
930 0.038556
931 0.037523
932 0.042527
933 0.048895
934 0.052669
935 0.059012
936 0.052578
937 0.050185
938 0.053134
939 0.050638
940 0.050557
941 0.050002
942 0.048615
943 0.051273
944 0.047750
945 0.039135
946 0.037031
947 0.035801
948 0.037577
949 0.035067
950 0.038748
951 0.037225
952 0.036818
953 0.034934
954 0.041583
955 0.046679
956 0.037225
957 0.041578
958 0.040171
959 0.046227
960 0.039831
961 0.035435
962 0.036962
963 0.038184
964 0.036184
965 0.042934
966 0.039292
967 0.037558
968 0.039578
969 0.038902
970 0.038956
971 0.037170
972 0.035803
973 0.039670
974 0.039256
975 0.046268
976 0.042163
977 0.040429
978 0.037151
979 0.040505
980 0.043817
981 0.041686
982 0.040358
983 0.041490
984 0.035312
985 0.038022
986 0.036554
987 0.037597
988 0.039221
989 0.038186
990 0.039564
991 0.040431
992 0.040896
993 0.037912
994 0.038638
995 0.040928
996 0.038247
997 0.039078
998 0.039225
999 0.039534
1000 0.038197
1001 0.039890
1002 0.037591
1003 0.038405
1004 0.036209
1005 0.037629
1006 0.035117
1007 0.034392
1008 0.037884
1009 0.040235
1010 0.040238
1011 0.037799
1012 0.037897
1013 0.039441
1014 0.037692
1015 0.039741
1016 0.041834
1017 0.038925
1018 0.037297
1019 0.037436
1020 0.038640
1021 0.037382
1022 0.036982
1023 0.039311
1024 0.036441
1025 0.038825
1026 0.038983
1027 0.040003
1028 0.041305
1029 0.035934
1030 0.037529
1031 0.040714
1032 0.043459
1033 0.044133
1034 0.045929
1035 0.039555
1036 0.037724
1037 0.040424
1038 0.035555
1039 0.035126
1040 0.035344
1041 0.036199
1042 0.038597
1043 0.036627
1044 0.040371
1045 0.041383
1046 0.039318
1047 0.049505
1048 0.039766
1049 0.038561
1050 0.037996
1051 0.041913
1052 0.044070
1053 0.052695
1054 0.050853
1055 0.046083
1056 0.047684
1057 0.053375
1058 0.067382
1059 0.092655
1060 0.082486
1061 0.067244
1062 0.050849
1063 0.050440
1064 0.044306
1065 0.067078
1066 0.050824
1067 0.042736
1068 0.037677
1069 0.035069
1070 0.037777
1071 0.034652
1072 0.035527
1073 0.035651
1074 0.041073
1075 0.050393
1076 0.036606
1077 0.038382
1078 0.039259
1079 0.040100
1080 0.051724
1081 0.047159
1082 0.043764
1083 0.036407
1084 0.041265
1085 0.052941
1086 0.046743
1087 0.053270
1088 0.040661
1089 0.036125
1090 0.041441
1091 0.061936
1092 0.054839
1093 0.049504
1094 0.042384
1095 0.050147
1096 0.038316
1097 0.036505
1098 0.047403
1099 0.040637
1100 0.038125
1101 0.050728
1102 0.049617
1103 0.063101
1104 0.041189
1105 0.040347
1106 0.039742
1107 0.036517
1108 0.036910
1109 0.036213
1110 0.047676
1111 0.056833
1112 0.051717
1113 0.045930
1114 0.039580
1115 0.036519
1116 0.034945
1117 0.047565
1118 0.037851
1119 0.049694
1120 0.039443
1121 0.046123
1122 0.045738
1123 0.042094
1124 0.050585
1125 0.045532
1126 0.056941
1127 0.040204
1128 0.046986
1129 0.036773
1130 0.035244
1131 0.036546
1132 0.035858
1133 0.039048
1134 0.046327
1135 0.041615
1136 0.036287
1137 0.034581
1138 0.033430
1139 0.044563
1140 0.034864
1141 0.033977
1142 0.033217
1143 0.047615
1144 0.037451
1145 0.037319
1146 0.036147
1147 0.039055
1148 0.038688
1149 0.039231
1150 0.035337
1151 0.040807
1152 0.034662
1153 0.033949
1154 0.040040
1155 0.058024
1156 0.039575
1157 0.037112
1158 0.035946
1159 0.040852
1160 0.038665
1161 0.036341
1162 0.033530
1163 0.079343
1164 0.042928
1165 0.034600
1166 0.035217
1167 0.039401
1168 0.039057
1169 0.037392
1170 0.052953
1171 0.039305
1172 0.036500
1173 0.036279
1174 0.033109
1175 0.034828
1176 0.037201
1177 0.038853
1178 0.037235
1179 0.041420
1180 0.040650
1181 0.036463
1182 0.034761
1183 0.035413
1184 0.041169
1185 0.033204
1186 0.035602
1187 0.038907
1188 0.051389
1189 0.033922
1190 0.033368
1191 0.041422
1192 0.039117
1193 0.039119
1194 0.037416
1195 0.033686
1196 0.037257
1197 0.036137
1198 0.041771
1199 0.034839
1200 0.033266
1201 0.037807
1202 0.051287
1203 0.052442
1204 0.037393
1205 0.036970
1206 0.036890
1207 0.035769
1208 0.032959
1209 0.039727
1210 0.032803
1211 0.050917
1212 0.044818
1213 0.035162
1214 0.033082
1215 0.034592
1216 0.036150
1217 0.041707
1218 0.033976
1219 0.033898
1220 0.033372
1221 0.032201
1222 0.033175
1223 0.032791
1224 0.033226
1225 0.033306
1226 0.036102
1227 0.038733
1228 0.032783
1229 0.034527
1230 0.040629
1231 0.036923
1232 0.035771
1233 0.042261
1234 0.036651
1235 0.046231
1236 0.042225
1237 0.042621
1238 0.041190
1239 0.038997
1240 0.036350
1241 0.037539
1242 0.036423
1243 0.041858
1244 0.045265
1245 0.040580
1246 0.040576
1247 0.034738
1248 0.035090
1249 0.032319
1250 0.034491
1251 0.032241
1252 0.032128
1253 0.035098
1254 0.036869
1255 0.039517
1256 0.033297
1257 0.032488
1258 0.035046
1259 0.032468
1260 0.032798
1261 0.032032
1262 0.032401
1263 0.033989
1264 0.032794
1265 0.038911
1266 0.037548
1267 0.035224
1268 0.037432
1269 0.035192
1270 0.042579
1271 0.035826
1272 0.041565
1273 0.035024
1274 0.040319
1275 0.040520
1276 0.040375
1277 0.034924
1278 0.036086
1279 0.040008
1280 0.035393
1281 0.039085
1282 0.038195
1283 0.037144
1284 0.036657
1285 0.038813
1286 0.036538
1287 0.037189
1288 0.037157
1289 0.035738
1290 0.033765
1291 0.036395
1292 0.035879
1293 0.035669
1294 0.035330
1295 0.035612
1296 0.034597
1297 0.039952
1298 0.034320
1299 0.049775
1300 0.046004
1301 0.048112
1302 0.045497
1303 0.049756
1304 0.045403
1305 0.051046
1306 0.051879
1307 0.048178
1308 0.053393
1309 0.036982
1310 0.043762
1311 0.037755
1312 0.042911
1313 0.036033
1314 0.049423
1315 0.050223
1316 0.064442
1317 0.050972
1318 0.049126
1319 0.053126
1320 0.052909
1321 0.057527
1322 0.052493
1323 0.056818
1324 0.040146
1325 0.040910
1326 0.042828
1327 0.059227
1328 0.045613
1329 0.033572
1330 0.032562
1331 0.033651
1332 0.034612
1333 0.036113
1334 0.045081
1335 0.041061
1336 0.039255
1337 0.040750
1338 0.047376
1339 0.046628
1340 0.043902
1341 0.038079
1342 0.044119
1343 0.041767
1344 0.042198
1345 0.043768
1346 0.042943
1347 0.046574
1348 0.046181
1349 0.051087
1350 0.055660
1351 0.058849
1352 0.055610
1353 0.048915
1354 0.055415
1355 0.048150
1356 0.055550
1357 0.048012
1358 0.047248
1359 0.046376
1360 0.047119
1361 0.050898
1362 0.049234
1363 0.043805
1364 0.046719
1365 0.050781
1366 0.057980
1367 0.053752
1368 0.050603
1369 0.055223
1370 0.051177
1371 0.048734
1372 0.048415
1373 0.047965
1374 0.055641
1375 0.050839
1376 0.052414
1377 0.056956
1378 0.054527
1379 0.051457
1380 0.048807
1381 0.049752
1382 0.055974
1383 0.058450
1384 0.063940
1385 0.056488
1386 0.051239
1387 0.048180
1388 0.054170
1389 0.057048
1390 0.053483
1391 0.058501
1392 0.049434
1393 0.053225
1394 0.054221
1395 0.057082
1396 0.056647
1397 0.050285
1398 0.048097
1399 0.049013
1400 0.047437
1401 0.044934
1402 0.046246
1403 0.048665
1404 0.045664
1405 0.046340
1406 0.046010
1407 0.048597
1408 0.048688
1409 0.043160
1410 0.061090
1411 0.051263
1412 0.037420
1413 0.046229
1414 0.058040
1415 0.052642
1416 0.050426
1417 0.051395
1418 0.043068
1419 0.042872
1420 0.047433
1421 0.046683
1422 0.049554
1423 0.047983
1424 0.047360
1425 0.041302
1426 0.043129
1427 0.041022
1428 0.051560
1429 0.043899
1430 0.049012
1431 0.045277
1432 0.044305
1433 0.047516
1434 0.045587
1435 0.050943
1436 0.051705
1437 0.048482
1438 0.046634
1439 0.046761
1440 0.049055
1441 0.051783
1442 0.046523
1443 0.046599
1444 0.047885
1445 0.046598
1446 0.044341
1447 0.043021
1448 0.054146
1449 0.045542
1450 0.055750
1451 0.047888
1452 0.050969
1453 0.058470
1454 0.049637
1455 0.046688
1456 0.049942
1457 0.053049
1458 0.049460
1459 0.050819
1460 0.052716
1461 0.050623
1462 0.047673
1463 0.050901
1464 0.043759
1465 0.048217
1466 0.048585
1467 0.048868
1468 0.046258
1469 0.045736
1470 0.049278
1471 0.053613
1472 0.055668
1473 0.058590
1474 0.053247
1475 0.063805
1476 0.047622
1477 0.053118
1478 0.055011
1479 0.046331
1480 0.049604
1481 0.055088
1482 0.051093
1483 0.043705
1484 0.041652
1485 0.039890
1486 0.043835
1487 0.045992
1488 0.039649
1489 0.048843
1490 0.040522
1491 0.039192
1492 0.042049
1493 0.042503
1494 0.041652
1495 0.044919
1496 0.046040
1497 0.045868
1498 0.045756
1499 0.045569
1500 0.045526
1501 0.045527
1502 0.045401
1503 0.045665
1504 0.045787
1505 0.045724
1506 0.045725
1507 0.045223
1508 0.045348
1509 0.045660
1510 0.045481
1511 0.045452
1512 0.045660
1513 0.045173
1514 0.040697
1515 0.042419
1516 0.043686
1517 0.043317
1518 0.042958
1519 0.039579
1520 0.041352
1521 0.041589
1522 0.041504
1523 0.042809
1524 0.044852
1525 0.044453
1526 0.041118
1527 0.045190
1528 0.044355
1529 0.052012
1530 0.041735
1531 0.047204
1532 0.047160
1533 0.052741
1534 0.049867
1535 0.050652
1536 0.050397
1537 0.050275
1538 0.055272
1539 0.055459
1540 0.051373
1541 0.050247
1542 0.045184
1543 0.046194
1544 0.045389
1545 0.043351
1546 0.048599
1547 0.043284
1548 0.045186
1549 0.045406
1550 0.046671
1551 0.046817
1552 0.045364
1553 0.050352
1554 0.048752
1555 0.052252
1556 0.049829
1557 0.049710
1558 0.048493
1559 0.050133
1560 0.052379
1561 0.051738
1562 0.045809
1563 0.048073
1564 0.046255
1565 0.045855
1566 0.043967
1567 0.041400
1568 0.047184
1569 0.051241
1570 0.046928
1571 0.048336
1572 0.047243
1573 0.046705
1574 0.051945
1575 0.053608
1576 0.051555
1577 0.046658
1578 0.047252
1579 0.046047
1580 0.042816
1581 0.043179
1582 0.043746
1583 0.047337
1584 0.046386
1585 0.044690
1586 0.052435
1587 0.039757
1588 0.058557
1589 0.055111
1590 0.040928
1591 0.061585
1592 0.067202
1593 0.045209
1594 0.058933
1595 0.058229
1596 0.054926
1597 0.050074
1598 0.046585
1599 0.045417
1600 0.039014
1601 0.038809
1602 0.060784
1603 0.061780
1604 0.047734
1605 0.044960
1606 0.044754
1607 0.046413
1608 0.047912
1609 0.044209
1610 0.042209
1611 0.047615
1612 0.045005
1613 0.044900
1614 0.044455
1615 0.043105
1616 0.050750
1617 0.044613
1618 0.046875
1619 0.046940
1620 0.046416
1621 0.048644
1622 0.053033
1623 0.051842
1624 0.047237
1625 0.047184
1626 0.045970
1627 0.044464
1628 0.041399
1629 0.041319
1630 0.045145
1631 0.053556
1632 0.043070
1633 0.042681
1634 0.041707
1635 0.048450
1636 0.050527
1637 0.053299
1638 0.044555
1639 0.041798
1640 0.039136
1641 0.052915
1642 0.052647
1643 0.051640
1644 0.058885
1645 0.051114
1646 0.037340
1647 0.035911
1648 0.041665
1649 0.052640
1650 0.057472
1651 0.034352
1652 0.057155
1653 0.060012
1654 0.060106
1655 0.060923
1656 0.048389
1657 0.040934
1658 0.040754
1659 0.040764
1660 0.051110
1661 0.035898
1662 0.038776
1663 0.050720
1664 0.048504
1665 0.061775
1666 0.052100
1667 0.044571
1668 0.044672
1669 0.042239
1670 0.040858
1671 0.043505
1672 0.044810
1673 0.044558
1674 0.044032
1675 0.071930
1676 0.051786
1677 0.041401
1678 0.035162
1679 0.044219
1680 0.038066
1681 0.050377
1682 0.049829
1683 0.038852
1684 0.050463
1685 0.049985
1686 0.049217
1687 0.035293
1688 0.051898
1689 0.041530
1690 0.037737
1691 0.034930
1692 0.034434
1693 0.046021
1694 0.050048
1695 0.035036
1696 0.051916
1697 0.033446
1698 0.034361
1699 0.046350
1700 0.048414
1701 0.032788
1702 0.038111
1703 0.040707
1704 0.045177
1705 0.035316
1706 0.033651
1707 0.043748
1708 0.049769
1709 0.049204
1710 0.037835
1711 0.042715
1712 0.050657
1713 0.050382
1714 0.050221
1715 0.048415
1716 0.047930
1717 0.045715
1718 0.041292
1719 0.042607
1720 0.045652
1721 0.050748
1722 0.049695
1723 0.055498
1724 0.059638
1725 0.050525
1726 0.044662
1727 0.061064
1728 0.061773
1729 0.062080
1730 0.059837
1731 0.061189
1732 0.060679
1733 0.060505
1734 0.052791
1735 0.053160
1736 0.049833
1737 0.035102
1738 0.036169
1739 0.047350
1740 0.053604
1741 0.038942
1742 0.039834
1743 0.040070
1744 0.039817
1745 0.040429
1746 0.040822
1747 0.041102
1748 0.041750
1749 0.035135
1750 0.048070
1751 0.048496
1752 0.048221
1753 0.040286
1754 0.048920
1755 0.049186
1756 0.048936
1757 0.052633
1758 0.052786
1759 0.052844
1760 0.052244
1761 0.048161
1762 0.048704
1763 0.048298
1764 0.052187
1765 0.052325
1766 0.052110
1767 0.045496
1768 0.049047
1769 0.049054
1770 0.049206
1771 0.047550
1772 0.047633
1773 0.047689
1774 0.047015
1775 0.047513
1776 0.047625
1777 0.048035
1778 0.051017
1779 0.050489
1780 0.051089
1781 0.048639
1782 0.047002
1783 0.046836
1784 0.046732
1785 0.048950
1786 0.049020
1787 0.049187
1788 0.048314
1789 0.049356
1790 0.049147
1791 0.049391
1792 0.051398
1793 0.051252
1794 0.051065
1795 0.050421
1796 0.047592
1797 0.047466
1798 0.047666
1799 0.051028
1800 0.051371
1801 0.051581
1802 0.039252
1803 0.048814
1804 0.047830
1805 0.048266
1806 0.053840
1807 0.053462
1808 0.053784
1809 0.041852
1810 0.048913
1811 0.048526
1812 0.048444
1813 0.048389
1814 0.048509
1815 0.048291
1816 0.039327
1817 0.054308
1818 0.054740
1819 0.054929
1820 0.046479
1821 0.046878
1822 0.046687
1823 0.036101
1824 0.045099
1825 0.045430
1826 0.045464
1827 0.044613
1828 0.045765
1829 0.045612
1830 0.036388
1831 0.054243
1832 0.054491
1833 0.054138
1834 0.046495
1835 0.046439
1836 0.046144
1837 0.036533
1838 0.049284
1839 0.049818
1840 0.049891
1841 0.056911
1842 0.056908
1843 0.057084
1844 0.047498
1845 0.053811
1846 0.053339
1847 0.053229
1848 0.056866
1849 0.057643
1850 0.057155
1851 0.039434
1852 0.039181
1853 0.050422
1854 0.047111
1855 0.045133
1856 0.040653
1857 0.051828
1858 0.044305
1859 0.044627
1860 0.042936
1861 0.044992
1862 0.035960
1863 0.048482
1864 0.048095
1865 0.057744
1866 0.057223
1867 0.056561
1868 0.044576
1869 0.035703
1870 0.037063
1871 0.043945
1872 0.042371
1873 0.059223
1874 0.055598
1875 0.052145
1876 0.054692
1877 0.052363
1878 0.056314
1879 0.053973
1880 0.043454
1881 0.035706
1882 0.060000
1883 0.036287
1884 0.057313
1885 0.056535
1886 0.058098
1887 0.059453
1888 0.059567
1889 0.055010
1890 0.051866
1891 0.061349
1892 0.059738
1893 0.042722
1894 0.042647
1895 0.056244
1896 0.056418
1897 0.056414
1898 0.050164
1899 0.050942
1900 0.050685
1901 0.053510
1902 0.059380
1903 0.057456
1904 0.061173
1905 0.052428
1906 0.045906
1907 0.056304
1908 0.058971
1909 0.057987
1910 0.064672
1911 0.062850
1912 0.057456
1913 0.057447
1914 0.057321
1915 0.065277
1916 0.041485
1917 0.056690
1918 0.053324
1919 0.068217
1920 0.064078
1921 0.056895
1922 0.057678
1923 0.058758
1924 0.055713
1925 0.052860
1926 0.039975
1927 0.045695
1928 0.049571
1929 0.039085
1930 0.048897
1931 0.047762
1932 0.059276
1933 0.050193
1934 0.053611
1935 0.051725
1936 0.051598
1937 0.054312
1938 0.057023
1939 0.051289
1940 0.040975
1941 0.042476
1942 0.040817
1943 0.053255
1944 0.050452
1945 0.054621
1946 0.054289
1947 0.052233
1948 0.056836
1949 0.057264
1950 0.051955
1951 0.047912
1952 0.059103
1953 0.050309
1954 0.055172
1955 0.063437
1956 0.062540
1957 0.054910
1958 0.050134
1959 0.051493
1960 0.042695
1961 0.039881
1962 0.036310
1963 0.044951
1964 0.035734
1965 0.042478
1966 0.059028
1967 0.038360
1968 0.057594
1969 0.039266
1970 0.038399
1971 0.056806
1972 0.050916
1973 0.062518
1974 0.051991
1975 0.052287
1976 0.052258
1977 0.043865
1978 0.062374
1979 0.055445
1980 0.056701
1981 0.056083
1982 0.056177
1983 0.060690
1984 0.072510
1985 0.071208
1986 0.071513
1987 0.070725
1988 0.073312
1989 0.072156
1990 0.071538
1991 0.062095
1992 0.061419
1993 0.060870
1994 0.060881
1995 0.057019
1996 0.057106
1997 0.057091
1998 0.056532
1999 0.055888
2000 0.057795
2001 0.055427
2002 0.057737
2003 0.058183
2004 0.057071
2005 0.057160
2006 0.057493
2007 0.057045
2008 0.055997
2009 0.055606
2010 0.055347
2011 0.054066
2012 0.053871
2013 0.053923
2014 0.053675
2015 0.054771
2016 0.052302
2017 0.055397
2018 0.055406
2019 0.054962
2020 0.052589
2021 0.049797
2022 0.050754
2023 0.064785
2024 0.081959
2025 0.070255
2026 0.046287
2027 0.063669
2028 0.046522
2029 0.046901
2030 0.046412
2031 0.046881
2032 0.046735
2033 0.043106
2034 0.076102
2035 0.043848
2036 0.060040
2037 0.071587
2038 0.070387
2039 0.069349
2040 0.062891
2041 0.039994
2042 0.037991
2043 0.036730
2044 0.041633
2045 0.045630
2046 0.075789
2047 0.046619
2048 0.041610
2049 0.059788
2050 0.043934
2051 0.041076
2052 0.045986
2053 0.044198
2054 0.038674
2055 0.044781
2056 0.059754
2057 0.040498
2058 0.041800
2059 0.040647
2060 0.044508
2061 0.041637
2062 0.047089
2063 0.043367
2064 0.042337
2065 0.043028
2066 0.038986
2067 0.043902
2068 0.042608
2069 0.042273
2070 0.044016
2071 0.044919
2072 0.051988
2073 0.043480
2074 0.045067
2075 0.044717
2076 0.044561
2077 0.036681
2078 0.066896
2079 0.042164
2080 0.037794
2081 0.051475
2082 0.040900
2083 0.058187
2084 0.047374
2085 0.063729
2086 0.060309
2087 0.059829
2088 0.059135
2089 0.080090
2090 0.040728
2091 0.040057
2092 0.038080
2093 0.038198
2094 0.037720
2095 0.042733
2096 0.037767
2097 0.035531
2098 0.040277
2099 0.038498
2100 0.038089
2101 0.038002
2102 0.051680
2103 0.037384
2104 0.038336
2105 0.038895
2106 0.037648
2107 0.037529
2108 0.039709
2109 0.035956
2110 0.037904
2111 0.042147
2112 0.037494
2113 0.041865
2114 0.037669
2115 0.042657
2116 0.038069
2117 0.041509
2118 0.037648
2119 0.040213
2120 0.043564
2121 0.039103
2122 0.037015
2123 0.036959
2124 0.037544
2125 0.037490
2126 0.037174
2127 0.039459
2128 0.036080
2129 0.052865
2130 0.041808
2131 0.040443
2132 0.043307
2133 0.041771
2134 0.056740
2135 0.059438
2136 0.067574
2137 0.056746
2138 0.063165
2139 0.063593
2140 0.061228
2141 0.057752
2142 0.065735
2143 0.055915
2144 0.054957
2145 0.059383
2146 0.050493
2147 0.047352
2148 0.061003
2149 0.057697
2150 0.046809
2151 0.040640
2152 0.040800
2153 0.040875
2154 0.048640
2155 0.045566
2156 0.051473
2157 0.040433
2158 0.042596
2159 0.044992
2160 0.045226
2161 0.045848
2162 0.047824
2163 0.046050
2164 0.051321
2165 0.050140
2166 0.055790
2167 0.051500
2168 0.049598
2169 0.046919
2170 0.049610
2171 0.052786
2172 0.054409
2173 0.049298
2174 0.047654
2175 0.047999
2176 0.052270
2177 0.055665
2178 0.055446
2179 0.055774
2180 0.052119
2181 0.051169
2182 0.047146
2183 0.057567
2184 0.054324
2185 0.048111
2186 0.053929
2187 0.055179
2188 0.051494
2189 0.052466
2190 0.050185
2191 0.049028
2192 0.048844
2193 0.048822
2194 0.052565
2195 0.068886
2196 0.072024
2197 0.070235
2198 0.069221
2199 0.059453
2200 0.054515
2201 0.048128
2202 0.049952
2203 0.050535
2204 0.050137
2205 0.050168
2206 0.050468
2207 0.051220
2208 0.050495
2209 0.050504
2210 0.051103
2211 0.051660
2212 0.052686
2213 0.053091
2214 0.052956
2215 0.052941
2216 0.052671
2217 0.052597
2218 0.052698
2219 0.054705
2220 0.053859
2221 0.054983
2222 0.055308
2223 0.057022
2224 0.058583
2225 0.062293
2226 0.061653
2227 0.061810
2228 0.059345
2229 0.059103
2230 0.067061
2231 0.080770
2232 0.090654
2233 0.076890
2234 0.086760
2235 0.093582
2236 0.093404
2237 0.094296
2238 0.079262
2239 0.076544
2240 0.077588
2241 0.075756
2242 0.076842
2243 0.077933
2244 0.077266
2245 0.075347
2246 0.066779
2247 0.066483
2248 0.065273
2249 0.066791
2250 0.066857
2251 0.066779
2252 0.064051
2253 0.064867
2254 0.056948
2255 0.062522
2256 0.059162
2257 0.057791
2258 0.057625
2259 0.057561
2260 0.064016
2261 0.071664
2262 0.072196
2263 0.063953
2264 0.064050
2265 0.063905
2266 0.064654
2267 0.064103
2268 0.064550
2269 0.064207
2270 0.064195
2271 0.063657
2272 0.063735
2273 0.063011
2274 0.062951
2275 0.063179
2276 0.063644
2277 0.063048
2278 0.063173
2279 0.063066
2280 0.063339
2281 0.062506
2282 0.062434
2283 0.062008
2284 0.062906
2285 0.062395
2286 0.062232
2287 0.062204
2288 0.061973
2289 0.061829
2290 0.062061
2291 0.062256
2292 0.062321
2293 0.061519
2294 0.061724
2295 0.061730
2296 0.062345
2297 0.061520
2298 0.061998
2299 0.061757
2300 0.061554
2301 0.061355
2302 0.061034
2303 0.060916
2304 0.061328
2305 0.060817
2306 0.060982
2307 0.060799
2308 0.060439
2309 0.060603
2310 0.060639
2311 0.060701
2312 0.060418
2313 0.060422
2314 0.060373
2315 0.060013
2316 0.060532
2317 0.060173
2318 0.060416
2319 0.059739
2320 0.059650
2321 0.059988
2322 0.059785
2323 0.059458
2324 0.059529
2325 0.059030
2326 0.059043
2327 0.059137
2328 0.059015
2329 0.059004
2330 0.059222
2331 0.058825
2332 0.059113
2333 0.058824
2334 0.059163
2335 0.058686
2336 0.058722
2337 0.058146
2338 0.058206
2339 0.058228
2340 0.057988
2341 0.058456
2342 0.058706
2343 0.058469
2344 0.058559
2345 0.058378
2346 0.058181
2347 0.057453
2348 0.058001
2349 0.057893
2350 0.057111
2351 0.057590
2352 0.057338
2353 0.058132
2354 0.057287
2355 0.057320
2356 0.057351
2357 0.056969
2358 0.056963
2359 0.056637
2360 0.056786
2361 0.057013
2362 0.056882
2363 0.056505
2364 0.056675
2365 0.056533
2366 0.056224
2367 0.056535
2368 0.056824
2369 0.056523
2370 0.056666
2371 0.055867
2372 0.056085
2373 0.056217
2374 0.056132
2375 0.055919
2376 0.055985
2377 0.055914
2378 0.055784
2379 0.055309
2380 0.055924
2381 0.055894
2382 0.055784
2383 0.055789
2384 0.055221
2385 0.055835
2386 0.055528
2387 0.055097
2388 0.055348
2389 0.055055
2390 0.054893
2391 0.055516
2392 0.054937
2393 0.054380
2394 0.054911
2395 0.055144
2396 0.054777
2397 0.054689
2398 0.054214
